8863	1
3735	2
97	3
6658	4
7128	5
9784	6
6874	7
4899	8
2535	9
4974	10
988	11
5390	12
8693	13
2205	14
9664	15
2790	16
1127	17
5269	18
9854	19
7013	20
811	21
8541	22
5494	23
4852	24
4867	25
4441	26
2388	27
3714	28
1198	29
1319	30
8184	31
130	32
6421	33
3019	34
8253	35
4518	36
8319	37
4874	38
5068	39
2825	40
11	41
5432	42
8094	43
55	44
1671	45
7022	46
7518	47
2780	48
1606	49
6440	50
5032	51
5313	52
5455	53
5870	54
2110	55
6472	56
4771	57
9863	58
6764	59
8366	60
9438	61
1731	62
7684	63
2580	64
676	65
256	66
8017	67
3176	68
8171	69
8630	70
1196	71
7313	72
284	73
309	74
5806	75
404	76
5299	77
2154	78
5631	79
764	80
4428	81
1452	82
8621	83
5043	84
7523	85
8202	86
9518	87
8704	88
2683	89
8966	90
7957	91
2101	92
9637	93
6517	94
2076	95
6626	96
3235	97
4483	98
5668	99
7923	100
761	101
4170	102
7247	103
6039	104
2241	105
8250	106
4235	107
6984	108
3020	109
4375	110
1980	111
2473	112
3873	113
6808	114
3318	115
3636	116
8685	117
2792	118
1332	119
1961	120
9210	121
8637	122
1857	123
8392	124
86	125
6422	126
2372	127
6641	128
172	129
6110	130
2349	131
6243	132
2536	133
6187	134
554	135
8422	136
7739	137
7475	138
4400	139
1271	140
7489	141
6567	142
3202	143
1008	144
8553	145
6747	146
9699	147
4420	148
3434	149
4437	150
6170	151
32	152
8913	153
1982	154
1389	155
7147	156
4578	157
7572	158
2776	159
9601	160
2773	161
5092	162
2947	163
9725	164
2005	165
349	166
4269	167
8280	168
624	169
5558	170
224	171
2722	172
5992	173
8744	174
9226	175
6724	176
715	177
3397	178
6443	179
8814	180
8088	181
4505	182
4916	183
6790	184
4538	185
1861	186
8920	187
3212	188
7145	189
4949	190
494	191
7204	192
5380	193
5292	194
503	195
6863	196
725	197
5477	198
6710	199
5960	200
4041	201
4003	202
264	203
4315	204
1864	205
4280	206
5527	207
5824	208
304	209
8318	210
6474	211
7541	212
1601	213
826	214
3867	215
7057	216
6287	217
9325	218
996	219
4783	220
5044	221
7002	222
5584	223
640	224
1798	225
8938	226
322	227
6919	228
5011	229
1049	230
1160	231
3292	232
5561	233
450	234
8713	235
1464	236
9717	237
1998	238
4514	239
9092	240
3757	241
9079	242
8537	243
7677	244
6883	245
8436	246
3343	247
2513	248
9198	249
3556	250
4812	251
3045	252
21	253
1753	254
2696	255
7004	256
435	257
3578	258
9393	259
3598	260
4990	261
7781	262
3335	263
4258	264
1822	265
2050	266
5159	267
2806	268
583	269
7660	270
8711	271
868	272
1479	273
918	274
2803	275
7679	276
8336	277
386	278
389	279
1654	280
3364	281
1628	282
2356	283
3824	284
1739	285
6289	286
8237	287
6689	288
5288	289
9779	290
8469	291
8799	292
595	293
6884	294
7756	295
120	296
103	297
7443	298
3750	299
4436	300
3470	301
2921	302
3644	303
122	304
6643	305
332	306
7381	307
3878	308
8461	309
5540	310
3092	311
9428	312
5627	313
7282	314
958	315
8345	316
4390	317
79	318
7505	319
8890	320
3455	321
6283	322
8175	323
3961	324
7736	325
3673	326
1218	327
4294	328
6337	329
2274	330
405	331
6412	332
1507	333
9692	334
189	335
3819	336
979	337
6633	338
6221	339
7134	340
5825	341
392	342
2105	343
7202	344
22	345
2208	346
8728	347
6994	348
1790	349
204	350
673	351
1174	352
7883	353
9315	354
9000	355
3242	356
6183	357
4371	358
419	359
7730	360
3320	361
5666	362
1370	363
6173	364
4006	365
1594	366
5069	367
8642	368
9232	369
4841	370
613	371
6796	372
4386	373
5677	374
70	375
3208	376
4977	377
3161	378
1074	379
1970	380
5119	381
2731	382
2982	383
7425	384
3083	385
197	386
5354	387
7667	388
2146	389
717	390
7137	391
4276	392
6018	393
9376	394
5064	395
9006	396
6206	397
2	398
5093	399
6141	400
1324	401
5729	402
5272	403
9739	404
7448	405
2002	406
2122	407
1077	408
3400	409
8761	410
6678	411
7491	412
8556	413
8203	414
5133	415
8660	416
6964	417
4833	418
2284	419
5653	420
9852	421
4815	422
8492	423
2976	424
3205	425
36	426
5630	427
838	428
4827	429
4806	430
6346	431
7109	432
5247	433
8177	434
3380	435
1674	436
2417	437
4597	438
7728	439
9042	440
7602	441
2031	442
5563	443
9224	444
5614	445
3560	446
9536	447
9462	448
3630	449
5025	450
4575	451
7195	452
1794	453
7626	454
4224	455
3428	456
4076	457
6845	458
8698	459
560	460
6810	461
5654	462
7215	463
5054	464
8572	465
20	466
7919	467
6256	468
2706	469
8754	470
6326	471
2172	472
6652	473
6097	474
7578	475
203	476
396	477
6426	478
1294	479
7595	480
998	481
4851	482
6584	483
3841	484
5892	485
7627	486
2650	487
31	488
3270	489
120	490
3390	491
8564	492
8588	493
6695	494
1165	495
8160	496
5845	497
3631	498
3737	499
9648	500
7727	501
4401	502
101	503
2337	504
1083	505
495	506
475	507
37	508
152	509
598	510
5829	511
1170	512
5547	513
5062	514
6786	515
9817	516
4884	517
9521	518
3638	519
4524	520
5647	521
7115	522
5017	523
7760	524
1661	525
9456	526
8960	527
3060	528
2886	529
6844	530
7277	531
4485	532
1827	533
3067	534
2000	535
5398	536
2381	537
5053	538
2317	539
5872	540
1106	541
2209	542
9451	543
8726	544
4619	545
7210	546
7468	547
7132	548
76	549
2945	550
7912	551
2244	552
8519	553
3884	554
8795	555
5102	556
5863	557
2760	558
8333	559
8599	560
193	561
8369	562
5946	563
2264	564
5239	565
7779	566
2895	567
64	568
8544	569
5907	570
9131	571
1525	572
8055	573
4038	574
9244	575
4409	576
7124	577
1316	578
1331	579
2271	580
9538	581
5509	582
7040	583
518	584
3793	585
8864	586
2165	587
6902	588
8665	589
1649	590
6989	591
6935	592
1338	593
1350	594
2440	595
7042	596
8251	597
9769	598
5822	599
3832	600
9395	601
5168	602
7828	603
4912	604
735	605
4653	606
1385	607
7058	608
9848	609
4842	610
7528	611
2198	612
1397	613
6890	614
5849	615
5610	616
9215	617
8167	618
9766	619
3562	620
2631	621
9220	622
2499	623
5421	624
3653	625
1920	626
4891	627
9239	628
167	629
1946	630
6123	631
9186	632
4068	633
4853	634
4016	635
8407	636
2564	637
88	638
4736	639
33	640
5457	641
2070	642
9308	643
9061	644
1184	645
6672	646
1254	647
1373	648
8511	649
6075	650
2514	651
6578	652
6	653
1834	654
6223	655
2912	656
9127	657
739	658
2112	659
7188	660
1	661
15	662
7955	663
3228	664
8738	665
3017	666
6910	667
9547	668
7682	669
1658	670
3880	671
8315	672
6539	673
3541	674
3249	675
115	676
3830	677
1912	678
5834	679
5397	680
5088	681
9062	682
8224	683
1581	684
9492	685
5446	686
7715	687
3296	688
216	689
7267	690
1137	691
9672	692
7670	693
4387	694
3040	695
3536	696
7067	697
2666	698
4795	699
768	700
311	701
82	702
8527	703
8337	704
1769	705
1708	706
8481	707
6609	708
6376	709
8862	710
215	711
4305	712
5612	713
5621	714
7285	715
1925	716
1734	717
9777	718
8649	719
7446	720
9833	721
9116	722
6205	723
6602	724
5409	725
3347	726
4050	727
4589	728
3524	729
5180	730
3453	731
8884	732
7894	733
5519	734
1486	735
8304	736
3548	737
367	738
4896	739
9382	740
7088	741
3336	742
7937	743
1948	744
6169	745
529	746
3881	747
7329	748
1706	749
5773	750
9471	751
431	752
9742	753
8587	754
3612	755
8322	756
7168	757
2430	758
1311	759
8215	760
3903	761
2638	762
2137	763
3465	764
2036	765
7780	766
519	767
6585	768
8870	769
2728	770
5346	771
7001	772
736	773
4529	774
807	775
2509	776
2724	777
1642	778
9225	779
6330	780
3727	781
4310	782
7793	783
7646	784
4585	785
5969	786
1624	787
8907	788
6127	789
3180	790
9064	791
6646	792
824	793
4789	794
2246	795
6365	796
7940	797
737	798
3122	799
4872	800
1636	801
2228	802
246	803
1082	804
1756	805
9080	806
2544	807
4459	808
7689	809
578	810
2120	811
4411	812
5721	813
7788	814
3203	815
9417	816
8005	817
4758	818
2269	819
4477	820
7590	821
2104	822
1760	823
2276	824
5035	825
445	826
5897	827
3461	828
2819	829
8035	830
93	831
51	832
4568	833
9135	834
3719	835
8840	836
110	837
6866	838
8785	839
7417	840
6029	841
7070	842
2001	843
2011	844
1282	845
9577	846
7435	847
4456	848
4135	849
5512	850
9763	851
6521	852
7980	853
6034	854
9045	855
1622	856
7339	857
2865	858
1253	859
1432	860
7271	861
6752	862
1474	863
4930	864
3555	865
9588	866
836	867
707	868
28	869
142	870
128	871
4864	872
7322	873
7975	874
5110	875
1442	876
8156	877
2332	878
7771	879
8433	880
8605	881
6656	882
8997	883
975	884
4544	885
3052	886
3414	887
905	888
3475	889
2882	890
7107	891
9857	892
6537	893
9105	894
8557	895
799	896
124	897
3805	898
5983	899
7439	900
611	901
3766	902
9796	903
9633	904
9121	905
2879	906
7111	907
5257	908
1578	909
8278	910
1168	911
272	912
5030	913
5916	914
1209	915
7770	916
2617	917
8927	918
7674	919
9590	920
9164	921
180	922
6274	923
5776	924
3503	925
1746	926
4283	927
1854	928
623	929
7656	930
2537	931
3120	932
5598	933
2051	934
8563	935
3079	936
3580	937
4070	938
3913	939
7658	940
8381	941
3627	942
330	943
2004	944
2108	945
3004	946
7097	947
971	948
9719	949
8263	950
6269	951
3398	952
6561	953
7671	954
8735	955
7525	956
4475	957
1195	958
7101	959
5900	960
9096	961
455	962
9075	963
6785	964
1539	965
9583	966
2285	967
3480	968
7432	969
955	970
2557	971
8959	972
8893	973
9283	974
8460	975
9791	976
3945	977
2659	978
840	979
1186	980
3554	981
3583	982
1220	983
199	984
5403	985
9515	986
4115	987
8080	988
1906	989
7365	990
1652	991
3089	992
4442	993
3276	994
5474	995
178	996
9783	997
9028	998
1055	999
1130	1000
5791	1001
310	1002
5741	1003
47	1004
1613	1005
4353	1006
1884	1007
6654	1008
303	1009
1698	1010
7790	1011
2601	1012
5717	1013
1090	1014
7662	1015
568	1016
4956	1017
2597	1018
6217	1019
3717	1020
7170	1021
2322	1022
8173	1023
7386	1024
7330	1025
463	1026
3968	1027
3917	1028
7341	1029
5935	1030
1152	1031
7440	1032
3329	1033
2138	1034
1445	1035
457	1036
5883	1037
5919	1038
9181	1039
4257	1040
3969	1041
865	1042
1177	1043
3339	1044
3160	1045
6385	1046
6715	1047
9439	1048
6478	1049
2742	1050
2756	1051
2325	1052
3639	1053
3440	1054
413	1055
9275	1056
4690	1057
4687	1058
6822	1059
2997	1060
3749	1061
8932	1062
7778	1063
1593	1064
3496	1065
9296	1066
2633	1067
2657	1068
7074	1069
66	1070
1231	1071
4611	1072
4652	1073
1541	1074
7692	1075
4549	1076
8293	1077
1079	1078
8007	1079
7847	1080
1783	1081
4533	1082
4952	1083
77	1084
368	1085
1404	1086
6042	1087
2181	1088
7761	1089
4582	1090
4468	1091
8984	1092
8206	1093
8373	1094
9669	1095
4369	1096
5282	1097
5891	1098
3660	1099
2464	1100
9434	1101
8455	1102
3919	1103
9101	1104
5956	1105
7154	1106
5120	1107
2799	1108
6188	1109
9213	1110
7046	1111
2563	1112
9621	1113
4029	1114
6541	1115
6634	1116
7613	1117
4138	1118
7611	1119
4385	1120
7048	1121
6592	1122
9737	1123
789	1124
3777	1125
5124	1126
8239	1127
4522	1128
5777	1129
5766	1130
8124	1131
3306	1132
882	1133
6733	1134
4380	1135
6360	1136
732	1137
9383	1138
4360	1139
7929	1140
4191	1141
2828	1142
9482	1143
1495	1144
4777	1145
4873	1146
6056	1147
6640	1148
4745	1149
4584	1150
7053	1151
4513	1152
3918	1153
5705	1154
2477	1155
5276	1156
6896	1157
3229	1158
9859	1159
6625	1160
5816	1161
58	1162
9212	1163
9359	1164
5570	1165
7985	1166
8300	1167
4709	1168
4502	1169
1492	1170
2932	1171
6817	1172
3677	1173
5971	1174
4739	1175
9595	1176
3802	1177
7052	1178
6718	1179
3993	1180
6701	1181
1664	1182
4573	1183
191	1184
7845	1185
1792	1186
7293	1187
5181	1188
1247	1189
7121	1190
7162	1191
2993	1192
6415	1193
4542	1194
4263	1195
3893	1196
254	1197
7197	1198
3837	1199
7483	1200
1405	1201
3148	1202
8053	1203
4986	1204
6043	1205
8060	1206
9423	1207
7795	1208
7325	1209
4923	1210
5670	1211
4590	1212
3032	1213
649	1214
9024	1215
6551	1216
6957	1217
3290	1218
1223	1219
9115	1220
2920	1221
100	1222
5022	1223
3696	1224
1251	1225
1819	1226
2043	1227
5213	1228
9470	1229
1690	1230
8313	1231
2562	1232
5574	1233
6784	1234
7335	1235
1704	1236
7078	1237
1562	1238
4277	1239
6266	1240
3191	1241
4819	1242
3891	1243
2433	1244
5851	1245
2024	1246
9031	1247
6317	1248
1004	1249
1522	1250
1145	1251
6996	1252
207	1253
1620	1254
8889	1255
5277	1256
3418	1257
4487	1258
5140	1259
2848	1260
4464	1261
4454	1262
4228	1263
2200	1264
2685	1265
6570	1266
6002	1267
9415	1268
1328	1269
3315	1270
6635	1271
7664	1272
143	1273
5641	1274
174	1275
3500	1276
9573	1277
8375	1278
1407	1279
345	1280
5811	1281
9259	1282
7269	1283
9363	1284
4748	1285
375	1286
8243	1287
2003	1288
5586	1289
5176	1290
3593	1291
1849	1292
94	1293
7423	1294
3312	1295
9762	1296
6238	1297
6048	1298
5602	1299
2411	1300
3121	1301
8961	1302
8955	1303
8360	1304
9485	1305
1548	1306
6498	1307
3675	1308
9546	1309
5388	1310
7608	1311
2238	1312
1418	1313
1574	1314
9622	1315
861	1316
3327	1317
1483	1318
7318	1319
6176	1320
1684	1321
2532	1322
9695	1323
353	1324
8825	1325
7958	1326
849	1327
7223	1328
894	1329
4707	1330
2212	1331
2906	1332
4495	1333
2058	1334
2394	1335
2846	1336
4669	1337
4338	1338
161	1339
3134	1340
2673	1341
2818	1342
6418	1343
6027	1344
1242	1345
2869	1346
9221	1347
4517	1348
4569	1349
7047	1350
3641	1351
8682	1352
1258	1353
78	1354
3667	1355
4180	1356
1208	1357
4127	1358
186	1359
926	1360
7856	1361
5286	1362
4786	1363
5248	1364
8102	1365
3596	1366
5623	1367
2959	1368
27	1369
6850	1370
3424	1371
153	1372
6905	1373
2940	1374
4290	1375
2237	1376
4583	1377
2942	1378
3883	1379
561	1380
3366	1381
7461	1382
2937	1383
5580	1384
3972	1385
1992	1386
633	1387
4250	1388
6259	1389
1815	1390
4113	1391
476	1392
4234	1393
9638	1394
289	1395
4765	1396
3386	1397
7817	1398
4955	1399
8271	1400
6967	1401
4179	1402
8673	1403
1245	1404
5780	1405
939	1406
1478	1407
1559	1408
498	1409
850	1410
2090	1411
8681	1412
7840	1413
253	1414
2899	1415
727	1416
5970	1417
3073	1418
3790	1419
3204	1420
6295	1421
3995	1422
2560	1423
8980	1424
7250	1425
380	1426
1580	1427
4510	1428
5000	1429
9211	1430
5762	1431
8781	1432
9587	1433
4403	1434
4910	1435
3006	1436
4474	1437
625	1438
9752	1439
2990	1440
5922	1441
5657	1442
6868	1443
8136	1444
9606	1445
6534	1446
1618	1447
7029	1448
9477	1449
7144	1450
7651	1451
9698	1452
1291	1453
7767	1454
4846	1455
6893	1456
3012	1457
8608	1458
3241	1459
8617	1460
1162	1461
44	1462
4405	1463
6409	1464
572	1465
856	1466
7503	1467
6614	1468
3226	1469
6506	1470
9353	1471
7384	1472
9326	1473
9644	1474
359	1475
9479	1476
6943	1477
7374	1478
7635	1479
7599	1480
127	1481
7512	1482
9082	1483
9171	1484
5488	1485
5203	1486
8348	1487
1419	1488
2674	1489
5361	1490
8141	1491
3697	1492
6077	1493
3505	1494
3407	1495
3138	1496
4306	1497
8931	1498
3951	1499
1457	1500
6835	1501
741	1502
8266	1503
2092	1504
8545	1505
6820	1506
2636	1507
7717	1508
7820	1509
8364	1510
269	1511
5750	1512
6167	1513
2814	1514
8899	1515
3551	1516
3789	1517
683	1518
2068	1519
959	1520
63	1521
8797	1522
7185	1523
4184	1524
3991	1525
9265	1526
8042	1527
54	1528
5086	1529
690	1530
3289	1531
31	1532
5978	1533
6931	1534
3792	1535
9025	1536
5495	1537
8009	1538
6152	1539
9050	1540
6329	1541
8584	1542
9114	1543
1000	1544
5407	1545
6194	1546
2496	1547
6465	1548
6612	1549
9829	1550
8158	1551
521	1552
509	1553
5732	1554
7167	1555
1138	1556
4744	1557
8341	1558
6812	1559
4237	1560
9228	1561
1551	1562
9176	1563
7913	1564
2203	1565
5106	1566
5516	1567
1261	1568
7681	1569
7648	1570
4680	1571
8365	1572
4004	1573
1249	1574
945	1575
8552	1576
1701	1577
2368	1578
3009	1579
9683	1580
3190	1581
5906	1582
8951	1583
6218	1584
8408	1585
292	1586
1034	1587
9724	1588
5242	1589
2498	1590
8211	1591
6178	1592
1851	1593
1806	1594
7544	1595
806	1596
422	1597
53	1598
1504	1599
4686	1600
2511	1601
4588	1602
4451	1603
5524	1604
5910	1605
6668	1606
3658	1607
6525	1608
1983	1609
8565	1610
4425	1611
3982	1612
4227	1613
1607	1614
4367	1615
910	1616
4766	1617
9233	1618
7539	1619
1480	1620
1572	1621
9866	1622
4264	1623
8024	1624
931	1625
9750	1626
4281	1627
703	1628
5560	1629
4503	1630
8410	1631
7849	1632
4530	1633
9503	1634
5205	1635
6632	1636
5691	1637
3914	1638
9199	1639
9514	1640
525	1641
7542	1642
2603	1643
5930	1644
5865	1645
6446	1646
3150	1647
4719	1648
2007	1649
8218	1650
2160	1651
6436	1652
2860	1653
5753	1654
116	1655
4840	1656
5293	1657
1436	1658
5673	1659
9625	1660
4078	1661
9542	1662
1564	1663
9589	1664
7832	1665
4875	1666
9849	1667
2333	1668
3304	1669
5019	1670
3402	1671
9491	1672
102	1673
5832	1674
3944	1675
8019	1676
2265	1677
8350	1678
2994	1679
4649	1680
1132	1681
7757	1682
8210	1683
3649	1684
3246	1685
9815	1686
4370	1687
3334	1688
9357	1689
3511	1690
4519	1691
9403	1692
4427	1693
3820	1694
173	1695
6235	1696
3215	1697
2854	1698
7450	1699
7230	1700
5693	1701
9764	1702
5511	1703
7887	1704
5661	1705
8875	1706
7582	1707
9140	1708
6729	1709
3105	1710
8308	1711
8940	1712
3243	1713
2547	1714
7303	1715
2314	1716
69	1717
4623	1718
1711	1719
7481	1720
5792	1721
4381	1722
1717	1723
2585	1724
6802	1725
8298	1726
407	1727
6851	1728
249	1729
4747	1730
2758	1731
8463	1732
2219	1733
4049	1734
274	1735
4052	1736
794	1737
3501	1738
2459	1739
1838	1740
3266	1741
1232	1742
6741	1743
2059	1744
8964	1745
1973	1746
8514	1747
6885	1748
801	1749
8846	1750
5121	1751
8525	1752
4204	1753
5682	1754
2628	1755
4563	1756
8033	1757
527	1758
2677	1759
5672	1760
5840	1761
9707	1762
5328	1763
5411	1764
9501	1765
5100	1766
3739	1767
9218	1768
4696	1769
4622	1770
265	1771
3730	1772
8583	1773
5141	1774
2762	1775
8312	1776
7069	1777
3647	1778
6732	1779
9108	1780
9342	1781
5663	1782
1528	1783
1453	1784
1905	1785
8027	1786
2096	1787
5368	1788
1846	1789
3227	1790
8066	1791
11	1792
5349	1793
6932	1794
4247	1795
4246	1796
468	1797
6111	1798
5587	1799
9696	1800
5365	1801
3192	1802
4193	1803
1400	1804
5101	1805
936	1806
10	1807
5185	1808
1365	1809
1214	1810
3512	1811
9864	1812
1413	1813
1732	1814
1027	1815
1812	1816
339	1817
8539	1818
8062	1819
1953	1820
846	1821
2158	1822
8516	1823
5428	1824
4364	1825
9758	1826
1151	1827
9713	1828
6655	1829
3547	1830
1721	1831
2215	1832
2890	1833
5134	1834
2380	1835
3526	1836
89	1837
5034	1838
1221	1839
6555	1840
2789	1841
1933	1842
3601	1843
1315	1844
5931	1845
3000	1846
5735	1847
2876	1848
7835	1849
9234	1850
9861	1851
3153	1852
569	1853
3616	1854
3871	1855
4225	1856
6505	1857
9163	1858
6416	1859
3930	1860
3262	1861
1202	1862
3768	1863
217	1864
3139	1865
901	1866
3068	1867
5108	1868
1286	1869
7063	1870
7575	1871
8734	1872
2178	1873
1042	1874
5142	1875
834	1876
6397	1877
4155	1878
7665	1879
7978	1880
2765	1881
7907	1882
8919	1883
6997	1884
399	1885
2008	1886
8839	1887
323	1888
6417	1889
2232	1890
8204	1891
1795	1892
8869	1893
5517	1894
3695	1895
2948	1896
3756	1897
6711	1898
6576	1899
4178	1900
6362	1901
6286	1902
9559	1903
3022	1904
5819	1905
2662	1906
6819	1907
1096	1908
6285	1909
4564	1910
9728	1911
2114	1912
4924	1913
3362	1914
7420	1915
5878	1916
2823	1917
4448	1918
993	1919
9341	1920
7316	1921
7392	1922
9793	1923
9106	1924
6908	1925
8571	1926
9771	1927
2953	1928
4802	1929
5613	1930
7292	1931
9562	1932
4286	1933
2304	1934
5765	1935
2590	1936
8723	1937
8954	1938
1742	1939
9349	1940
6950	1941
8430	1942
2729	1943
7081	1944
1072	1945
2930	1946
8245	1947
3369	1948
3352	1949
2918	1950
5150	1951
7096	1952
7649	1953
7769	1954
21	1955
3514	1956
2522	1957
820	1958
7348	1959
7248	1960
6637	1961
4668	1962
1406	1963
3760	1964
4349	1965
5905	1966
3629	1967
7438	1968
935	1969
7488	1970
7785	1971
2714	1972
5198	1973
6500	1974
9703	1975
539	1976
9066	1977
4399	1978
5976	1979
4423	1980
3813	1981
6941	1982
4954	1983
5013	1984
3392	1985
7028	1986
798	1987
1772	1988
7806	1989
2815	1990
9560	1991
6424	1992
6191	1993
8095	1994
7196	1995
6744	1996
4497	1997
1611	1998
2491	1999
3405	2000
8619	2001
9322	2002
5955	2003
973	2004
2184	2005
4342	2006
7818	2007
8064	2008
7315	2009
2270	2010
5296	2011
5987	2012
8307	2013
8646	2014
2489	2015
8244	2016
2533	2017
7764	2018
9323	2019
7493	2020
8574	2021
5702	2022
688	2023
1554	2024
5679	2025
6703	2026
8674	2027
628	2028
9405	2029
200	2030
6513	2031
2424	2032
7082	2033
2405	2034
3084	2035
2157	2036
3767	2037
7961	2038
1351	2039
179	2040
3635	2041
5649	2042
7854	2043
3251	2044
6960	2045
6697	2046
7594	2047
8620	2048
8002	2049
2630	2050
8762	2051
4200	2052
77	2053
4384	2054
2254	2055
2950	2056
8359	2057
9658	2058
9674	2059
7977	2060
6080	2061
6355	2062
9557	2063
8977	2064
3174	2065
9424	2066
50	2067
3949	2068
5952	2069
4701	2070
2370	2071
1128	2072
6213	2073
1677	2074
5270	2075
1429	2076
4600	2077
7086	2078
2348	2079
6913	2080
3107	2081
4295	2082
2365	2083
459	2084
6833	2085
9044	2086
1587	2087
8288	2088
352	2089
1185	2090
733	2091
9422	2092
6848	2093
6093	2094
6923	2095
5357	2096
2226	2097
5526	2098
8284	2099
1962	2100
9337	2101
3140	2102
5040	2103
3323	2104
9305	2105
7588	2106
855	2107
5359	2108
4695	2109
8866	2110
1012	2111
285	2112
1439	2113
2033	2114
2534	2115
1840	2116
1657	2117
2187	2118
3810	2119
4999	2120
6281	2121
9803	2122
3286	2123
5696	2124
2125	2125
8379	2126
2487	2127
9194	2128
7850	2129
2981	2130
9665	2131
9629	2132
3451	2133
3316	2134
3374	2135
3539	2136
4541	2137
6195	2138
1836	2139
1844	2140
6203	2141
8926	2142
5290	2143
3780	2144
8415	2145
4077	2146
2255	2147
797	2148
2053	2149
7557	2150
6983	2151
2161	2152
8057	2153
5197	2154
1523	2155
6021	2156
3864	2157
1050	2158
3759	2159
5178	2160
234	2161
1329	2162
3611	2163
4357	2164
8330	2165
187	2166
3910	2167
2732	2168
5936	2169
4206	2170
8813	2171
8896	2172
5394	2173
1984	2174
2182	2175
25	2176
8351	2177
3530	2178
7607	2179
7555	2180
7904	2181
1824	2182
9167	2183
7945	2184
7707	2185
7457	2186
8370	2187
1182	2188
9151	2189
8520	2190
3072	2191
7254	2192
2214	2193
8819	2194
8161	2195
8398	2196
815	2197
9686	2198
9370	2199
8841	2200
8127	2201
449	2202
2436	2203
1917	2204
5779	2205
8645	2206
2571	2207
590	2208
8083	2209
5618	2210
50	2211
8775	2212
8128	2213
8044	2214
4067	2215
8741	2216
9532	2217
7962	2218
2492	2219
9162	2220
5216	2221
9335	2222
3149	2223
6475	2224
2352	2225
924	2226
1584	2227
3337	2228
8209	2229
8849	2230
7745	2231
7149	2232
1136	2233
2734	2234
5219	2235
6587	2236
4639	2237
8166	2238
4571	2239
8950	2240
430	2241
8934	2242
9069	2243
2938	2244
7227	2245
4217	2246
4684	2247
8374	2248
2267	2249
5316	2250
7822	2251
4861	2252
8325	2253
4000	2254
8783	2255
1408	2256
3053	2257
9582	2258
1276	2259
4238	2260
4931	2261
9330	2262
3576	2263
1361	2264
6526	2265
7999	2266
5923	2267
8232	2268
7536	2269
8764	2270
4862	2271
3646	2272
6580	2273
8480	2274
954	2275
1977	2276
6202	2277
2903	2278
6540	2279
4419	2280
1497	2281
8176	2282
6130	2283
7621	2284
1236	2285
4359	2286
8001	2287
5144	2288
747	2289
92	2290
74	2291
241	2292
6860	2293
1395	2294
1729	2295
7062	2296
4694	2297
5940	2298
793	2299
9700	2300
9328	2301
4079	2302
5520	2303
2275	2304
4660	2305
2847	2306
2755	2307
436	2308
7934	2309
4940	2310
2774	2311
1280	2312
5568	2313
9297	2314
7624	2315
5055	2316
9756	2317
2367	2318
5408	2319
8603	2320
6435	2321
6299	2322
4925	2323
7352	2324
9250	2325
847	2326
8506	2327
1237	2328
2495	2329
2253	2330
2974	2331
79	2332
6709	2333
1029	2334
9613	2335
9269	2336
3185	2337
8383	2338
9843	2339
3466	2340
5391	2341
2802	2342
5177	2343
2288	2344
4621	2345
8056	2346
7306	2347
6969	2348
1193	2349
1640	2350
6113	2351
6801	2352
12	2353
5738	2354
8915	2355
8904	2356
4174	2357
5986	2358
9247	2359
2538	2360
2862	2361
6236	2362
3090	2363
4302	2364
6482	2365
2695	2366
1396	2367
6252	2368
6024	2369
9726	2370
2404	2371
499	2372
5837	2373
334	2374
9626	2375
1476	2376
9029	2377
9072	2378
4465	2379
7189	2380
9237	2381
9499	2382
5736	2383
4887	2384
4866	2385
4220	2386
1631	2387
9715	2388
135	2389
4996	2390
592	2391
2989	2392
4103	2393
2460	2394
5968	2395
7877	2396
9236	2397
8732	2398
6174	2399
6332	2400
1800	2401
7838	2402
5320	2403
5402	2404
71	2405
2583	2406
6647	2407
1229	2408
8867	2409
1459	2410
9197	2411
7343	2412
9307	2413
6251	2414
4142	2415
5543	2416
4646	2417
669	2418
7920	2419
620	2420
660	2421
7808	2422
1043	2423
6033	2424
473	2425
2781	2426
3463	2427
1213	2428
6104	2429
2025	2430
481	2431
3870	2432
4880	2433
1847	2434
4727	2435
7875	2436
9548	2437
2655	2438
7517	2439
1932	2440
6095	2441
2073	2442
2804	2443
8347	2444
6155	2445
1575	2446
321	2447
989	2448
4780	2449
2453	2450
3988	2451
2699	2452
541	2453
5692	2454
9823	2455
8560	2456
7972	2457
99	2458
8216	2459
5963	2460
1005	2461
3829	2462
970	2463
4871	2464
4835	2465
2289	2466
8490	2467
8084	2468
8076	2469
6356	2470
9831	2471
6451	2472
4356	2473
3471	2474
7463	2475
5745	2476
9047	2477
5562	2478
7612	2479
8026	2480
616	2481
4313	2482
387	2483
4648	2484
448	2485
9134	2486
9799	2487
8928	2488
1814	2489
2366	2490
691	2491
5939	2492
1725	2493
8925	2494
6237	2495
4921	2496
4527	2497
4883	2498
729	2499
3818	2500
1686	2501
5410	2502
4114	2503
1893	2504
6341	2505
2754	2506
308	2507
2098	2508
2785	2509
7737	2510
7018	2511
757	2512
5463	2513
9632	2514
2669	2515
3452	2516
6972	2517
6899	2518
3219	2519
1810	2520
674	2521
8011	2522
8756	2523
2581	2524
7142	2525
3255	2526
8477	2527
7824	2528
5126	2529
2897	2530
2553	2531
5557	2532
7431	2533
9175	2534
9021	2535
1904	2536
2708	2537
6926	2538
335	2539
8261	2540
1821	2541
9454	2542
2277	2543
2133	2544
7944	2545
6058	2546
9506	2547
9201	2548
1069	2549
8939	2550
14	2551
3509	2552
3853	2553
553	2554
5246	2555
307	2556
7787	2557
3564	2558
4036	2559
8431	2560
3622	2561
2268	2562
2006	2563
9378	2564
1986	2565
7970	2566
6467	2567
5352	2568
8496	2569
5965	2570
2083	2571
9156	2572
6699	2573
2612	2574
4159	2575
548	2576
6200	2577
4704	2578
8291	2579
2545	2580
4005	2581
9	2582
7916	2583
7947	2584
4994	2585
8068	2586
3198	2587
7143	2588
1938	2589
3151	2590
3781	2591
4587	2592
8260	2593
2206	2594
9354	2595
4053	2596
5513	2597
5523	2598
3977	2599
295	2600
8262	2601
9678	2602
5448	2603
4750	2604
5795	2605
487	2606
6401	2607
6730	2608
3445	2609
87	2610
3487	2611
415	2612
4617	2613
76	2614
1509	2615
5109	2616
7092	2617
2516	2618
63	2619
2996	2620
2527	2621
9533	2622
2103	2623
3373	2624
1057	2625
4035	2626
4937	2627
2588	2628
8404	2629
828	2630
1996	2631
9615	2632
6309	2633
9567	2634
7297	2635
8498	2636
2318	2637
4352	2638
4210	2639
8456	2640
9513	2641
1496	2642
8634	2643
9853	2644
2132	2645
9020	2646
5889	2647
2201	2648
23	2649
1639	2650
3426	2651
1416	2652
2761	2653
7636	2654
6481	2655
9855	2656
5989	2657
4850	2658
8194	2659
1039	2660
7010	2661
6542	2662
4118	2663
721	2664
7258	2665
1225	2666
6510	2667
1612	2668
2057	2669
627	2670
1761	2671
3054	2672
4826	2673
3540	2674
2866	2675
3605	2676
614	2677
3477	2678
122	2679
5733	2680
8566	2681
4024	2682
6441	2683
104	2684
7194	2685
3582	2686
1876	2687
3325	2688
2634	2689
6644	2690
4172	2691
6961	2692
3798	2693
4713	2694
2118	2695
1660	2696
4422	2697
6973	2698
780	2699
3102	2700
7234	2701
7478	2702
3838	2703
9339	2704
4604	2705
4752	2706
6894	2707
3561	2708
8842	2709
6627	2710
488	2711
74	2712
3762	2713
3057	2714
214	2715
5335	2716
9011	2717
2128	2718
259	2719
1645	2720
92	2721
9100	2722
2345	2723
652	2724
1367	2725
1366	2726
677	2727
8596	2728
4110	2729
4855	2730
4048	2731
6177	2732
3844	2733
3446	2734
6444	2735
1003	2736
5774	2737
7976	2738
6143	2739
7291	2740
1357	2741
5228	2742
240	2743
7562	2744
3795	2745
2820	2746
4993	2747
2141	2748
7719	2749
35	2750
8191	2751
4266	2752
423	2753
4218	2754
5170	2755
3410	2756
9475	2757
1610	2758
2313	2759
9569	2760
4627	2761
6045	2762
5876	2763
9137	2764
2061	2765
6629	2766
6298	2767
8362	2768
7358	2769
4558	2770
7827	2771
5539	2772
1873	2773
6325	2774
1468	2775
5730	2776
4245	2777
6022	2778
7986	2779
371	2780
9511	2781
5111	2782
8981	2783
575	2784
8258	2785
1197	2786
1427	2787
722	2788
9460	2789
7286	2790
6248	2791
9840	2792
1785	2793
1780	2794
7319	2795
4278	2796
1517	2797
1623	2798
8151	2799
1653	2800
8700	2801
1570	2802
514	2803
149	2804
9820	2805
6323	2806
3985	2807
5339	2808
4721	2809
5603	2810
471	2811
3021	2812
3186	2813
48	2814
9366	2815
6775	2816
4329	2817
4322	2818
1108	2819
951	2820
6090	2821
5305	2822
2751	2823
8352	2824
1238	2825
7900	2826
8606	2827
5431	2828
9459	2829
2397	2830
8267	2831
8020	2832
8776	2833
9063	2834
9099	2835
6940	2836
4515	2837
8591	2838
6840	2839
5660	2840
9579	2841
2470	2842
4071	2843
9177	2844
1718	2845
7987	2846
3319	2847
4679	2848
2190	2849
6307	2850
5155	2851
8145	2852
6271	2853
2543	2854
8219	2855
9449	2856
8922	2857
132	2858
8321	2859
4878	2860
823	2861
9631	2862
9416	2863
9188	2864
6818	2865
8356	2866
2009	2867
665	2868
4876	2869
355	2870
5977	2871
7026	2872
9630	2873
7710	2874
522	2875
4586	2876
1114	2877
261	2878
4776	2879
5743	2880
7765	2881
2778	2882
139	2883
3663	2884
6258	2885
8459	2886
6031	2887
7353	2888
6364	2889
8768	2890
8323	2891
9627	2892
6088	2893
1063	2894
2752	2895
8860	2896
2971	2897
8691	2898
9165	2899
1081	2900
1702	2901
4166	2902
4410	2903
9292	2904
5097	2905
8585	2906
1302	2907
995	2908
3849	2909
3966	2910
4236	2911
2640	2912
7629	2913
9807	2914
4537	2915
1666	2916
2936	2917
5933	2918
6069	2919
2809	2920
6951	2921
3313	2922
3272	2923
6631	2924
6137	2925
776	2926
9321	2927
3159	2928
8705	2929
2907	2930
277	2931
410	2932
4903	2933
1121	2934
885	2935
990	2936
920	2937
3456	2938
2663	2939
6917	2940
4605	2941
5988	2942
6125	2943
7342	2944
248	2945
8962	2946
1437	2947
8405	2948
6261	2949
4412	2950
7753	2951
3532	2952
3559	2953
8265	2954
8254	2955
6240	2956
3443	2957
8873	2958
1697	2959
6663	2960
283	2961
6497	2962
9824	2963
53	2964
4781	2965
3866	2966
3158	2967
7355	2968
1534	2969
3143	2970
9054	2971
7449	2972
8225	2973
6380	2974
5616	2975
1978	2976
845	2977
950	2978
157	2979
1460	2980
1377	2981
8824	2982
7110	2983
8357	2984
1503	2985
5456	2986
3355	2987
1358	2988
1673	2989
4848	2990
4895	2991
1630	2992
5620	2993
8793	2994
1688	2995
5404	2996
8945	2997
860	2998
1204	2999
8286	3000
9136	3001
702	3002
5074	3003
9486	3004
3460	3005
3954	3006
8983	3007
7191	3008
6948	3009
6212	3010
6348	3011
4316	3012
3608	3013
3862	3014
8774	3015
3906	3016
7324	3017
52	3018
8549	3019
881	3020
2343	3021
7630	3022
4751	3023
9205	3024
266	3025
9528	3026
4678	3027
4967	3028
358	3029
919	3030
2202	3031
994	3032
1371	3033
6503	3034
1533	3035
4469	3036
6728	3037
3926	3038
6025	3039
6477	3040
2623	3041
4418	3042
2421	3043
3300	3044
7556	3045
9461	3046
4918	3047
5039	3048
3670	3049
7193	3050
3210	3051
1700	3052
3489	3053
6758	3054
4837	3055
8452	3056
9690	3057
5533	3058
6374	3059
893	3060
1428	3061
8181	3062
8551	3063
8742	3064
1858	3065
4710	3066
6338	3067
8879	3068
9306	3069
4365	3070
4768	3071
3098	3072
2576	3073
805	3074
7414	3075
2893	3076
1879	3077
3681	3078
5220	3079
8387	3080
6275	3081
4666	3082
4737	3083
6300	3084
1194	3085
2195	3086
7349	3087
7415	3088
622	3089
7777	3090
4382	3091
4008	3092
4814	3093
209	3094
4692	3095
718	3096
8346	3097
7395	3098
117	3099
983	3100
9749	3101
6331	3102
9652	3103
67	3104
232	3105
6681	3106
3676	3107
231	3108
244	3109
1535	3110
4658	3111
5274	3112
2873	3113
4327	3114
3129	3115
5722	3116
6847	3117
2046	3118
3981	3119
8226	3120
5122	3121
5928	3122
4823	3123
2038	3124
3666	3125
7634	3126
7537	3127
9241	3128
1910	3129
5056	3130
8701	3131
3164	3132
3770	3133
7663	3134
62	3135
356	3136
1937	3137
3431	3138
2116	3139
7131	3140
372	3141
4488	3142
506	3143
5650	3144
1726	3145
8508	3146
3360	3147
1257	3148
9419	3149
7703	3150
1501	3151
7270	3152
2155	3153
75	3154
8736	3155
3680	3156
1979	3157
7632	3158
8465	3159
9150	3160
682	3161
43	3162
2152	3163
9222	3164
1518	3165
2676	3166
8996	3167
692	3168
9605	3169
8906	3170
3367	3171
1793	3172
8420	3173
5439	3174
4321	3175
7950	3176
5318	3177
5362	3178
28	3179
7035	3180
6713	3181
3890	3182
4657	3183
4526	3184
1599	3185
5764	3186
3585	3187
2501	3188
9093	3189
2376	3190
2019	3191
4755	3192
2315	3193
6064	3194
7706	3195
593	3196
1547	3197
8324	3198
211	3199
2297	3200
8289	3201
6208	3202
6971	3203
5642	3204
7784	3205
3588	3206
1087	3207
8769	3208
2407	3209
360	3210
9035	3211
9173	3212
2034	3213
2824	3214
3640	3215
8901	3216
9596	3217
5163	3218
3650	3219
929	3220
2476	3221
6232	3222
3553	3223
6892	3224
6339	3225
4059	3226
3729	3227
3573	3228
6035	3229
5337	3230
1356	3231
7882	3232
7027	3233
8221	3234
2594	3235
2743	3236
7516	3237
5846	3238
4195	3239
34	3240
4054	3241
6449	3242
312	3243
3301	3244
557	3245
73	3246
6608	3247
7782	3248
7401	3249
3308	3250
8990	3251
4659	3252
767	3253
3815	3254
41	3255
4368	3256
8143	3257
2032	3258
651	3259
3934	3260
4479	3261
7746	3262
5393	3263
1207	3264
6284	3265
658	3266
6876	3267
1869	3268
6358	3269
9294	3270
9333	3271
7573	3272
6067	3273
5063	3274
4486	3275
7473	3276
7017	3277
5667	3278
4830	3279
6590	3280
4254	3281
1883	3282
8104	3283
9772	3284
2197	3285
5472	3286
634	3287
1149	3288
9026	3289
5796	3290
3317	3291
1939	3292
5708	3293
6011	3294
6379	3295
2266	3296
62	3297
441	3298
1009	3299
5125	3300
6138	3301
6012	3302
4260	3303
9118	3304
1967	3305
3031	3306
9858	3307
9290	3308
400	3309
5084	3310
9710	3311
6442	3312
3858	3313
3950	3314
6092	3315
83	3316
4641	3317
1960	3318
6743	3319
4926	3320
5716	3321
7009	3322
5026	3323
8401	3324
9144	3325
1424	3326
4729	3327
3634	3328
1755	3329
2338	3330
5319	3331
5643	3332
795	3333
3349	3334
9088	3335
9797	3336
5373	3337
7564	3338
5542	3339
8059	3340
4635	3341
891	3342
8993	3343
7521	3344
4457	3345
9365	3346
6166	3347
2870	3348
1219	3349
6791	3350
909	3351
4397	3352
8482	3353
696	3354
6630	3355
7125	3356
4300	3357
2568	3358
5482	3359
743	3360
7486	3361
1831	3362
810	3363
6220	3364
4328	3365
9523	3366
3706	3367
1896	3368
4101	3369
2764	3370
7758	3371
6458	3372
7702	3373
670	3374
2717	3375
6222	3376
3860	3377
4672	3378
8292	3379
7043	3380
8279	3381
1521	3382
8830	3383
4535	3384
124	3385
1393	3386
5625	3387
6055	3388
7884	3389
8039	3390
8052	3391
687	3392
8679	3393
5311	3394
6499	3395
9372	3396
5728	3397
55	3398
874	3399
8632	3400
771	3401
9670	3402
1191	3403
5275	3404
5778	3405
2261	3406
5006	3407
8641	3408
4311	3409
4655	3410
4167	3411
4633	3412
2230	3413
3303	3414
3865	3415
9149	3416
1040	3417
1662	3418
7596	3419
8187	3420
41	3421
1199	3422
9656	3423
549	3424
7472	3425
4299	3426
639	3427
7382	3428
3967	3429
5008	3430
467	3431
8036	3432
3905	3433
7089	3434
5255	3435
2795	3436
5664	3437
967	3438
4785	3439
4476	3440
4966	3441
4539	3442
5499	3443
2021	3444
8230	3445
9730	3446
7471	3447
6869	3448
6428	3449
2483	3450
7295	3451
1866	3452
4602	3453
4171	3454
7383	3455
4408	3456
4267	3457
8114	3458
4790	3459
1915	3460
3538	3461
84	3462
8153	3463
100	3464
928	3465
748	3466
3602	3467
5680	3468
7014	3469
1147	3470
3182	3471
9052	3472
3892	3473
1975	3474
5266	3475
1696	3476
1038	3477
8248	3478
4256	3479
4470	3480
7906	3481
3888	3482
5510	3483
6508	3484
5699	3485
5089	3486
8669	3487
9530	3488
377	3489
9813	3490
7307	3491
8935	3492
4131	3493
8652	3494
9193	3495
9431	3496
8399	3497
889	3498
150	3499
8023	3500
2478	3501
3809	3502
1484	3503
7179	3504
17	3505
7130	3506
1070	3507
6464	3508
7219	3509
2378	3510
5340	3511
3117	3512
3377	3513
7729	3514
7499	3515
3328	3516
4324	3517
8163	3518
7527	3519
7994	3520
5195	3521
7091	3522
4808	3523
6858	3524
480	3525
6794	3526
5938	3527
8911	3528
9785	3529
6030	3530
4580	3531
5004	3532
2227	3533
3214	3534
2611	3535
1465	3536
1470	3537
7811	3538
3692	3539
221	3540
7798	3541
2144	3542
3155	3543
8301	3544
9712	3545
724	3546
6911	3547
9169	3548
2822	3549
4060	3550
1699	3551
4273	3552
4391	3553
4718	3554
5875	3555
1926	3556
3444	3557
32	3558
6569	3559
6739	3560
8518	3561
1314	3562
8536	3563
6560	3564
4550	3565
7809	3566
4688	3567
7899	3568
3258	3569
5749	3570
5555	3571
7687	3572
1833	3573
2316	3574
1300	3575
7514	3576
4239	3577
7273	3578
8709	3579
5947	3580
8138	3581
479	3582
3960	3583
8111	3584
2472	3585
6618	3586
9338	3587
8372	3588
5468	3589
8462	3590
4018	3591
1498	3592
8428	3593
2186	3594
2359	3595
3295	3596
6207	3597
8107	3598
4693	3599
8133	3600
864	3601
8523	3602
786	3603
981	3604
38	3605
6457	3606
5172	3607
4144	3608
2686	3609
3743	3610
653	3611
8680	3612
3171	3613
7911	3614
8615	3615
4787	3616
2456	3617
1323	3618
4087	3619
8338	3620
2319	3621
9271	3622
7989	3623
9090	3624
2298	3625
3664	3626
5850	3627
8985	3628
6816	3629
2330	3630
7276	3631
5162	3632
1603	3633
1444	3634
5350	3635
3686	3636
4708	3637
3625	3638
9714	3639
9109	3640
144	3641
1892	3642
3584	3643
6081	3644
9285	3645
3187	3646
579	3647
9467	3648
464	3649
7433	3650
69	3651
809	3652
9517	3653
8833	3654
331	3655
1084	3656
2710	3657
1768	3658
478	3659
2843	3660
2889	3661
3715	3662
158	3663
8154	3664
7184	3665
5569	3666
319	3667
6084	3668
9704	3669
4092	3670
2504	3671
511	3672
8888	3673
8529	3674
7494	3675
6460	3676
9767	3677
4082	3678
7479	3679
4431	3680
773	3681
1032	3682
5882	3683
306	3684
9806	3685
2646	3686
3763	3687
7752	3688
2324	3689
5810	3690
5821	3691
1045	3692
151	3693
6675	3694
1076	3695
6636	3696
3682	3697
6315	3698
6937	3699
6726	3700
4362	3701
5028	3702
9789	3703
2409	3704
8568	3705
5501	3706
3333	3707
8294	3708
8554	3709
3363	3710
1326	3711
4494	3712
9394	3713
9453	3714
4791	3715
5746	3716
39	3717
8501	3718
4093	3719
3742	3720
3332	3721
4753	3722
4858	3723
6723	3724
8503	3725
8015	3726
6469	3727
1868	3728
6683	3729
6806	3730
4120	3731
8126	3732
7507	3733
2176	3734
1449	3735
5378	3736
7864	3737
1425	3738
163	3739
7995	3740
6425	3741
9500	3742
6834	3743
4288	3744
922	3745
4125	3746
6754	3747
4065	3748
2342	3749
2539	3750
1143	3751
8486	3752
2872	3753
7819	3754
4534	3755
664	3756
5419	3757
3110	3758
5033	3759
512	3760
3868	3761
4373	3762
4941	3763
8592	3764
1073	3765
833	3766
8746	3767
884	3768
5709	3769
9017	3770
2975	3771
7095	3772
7965	3773
8716	3774
7087	3775
159	3776
6228	3777
4394	3778
8722	3779
1293	3780
9138	3781
6856	3782
1387	3783
9170	3784
8914	3785
9465	3786
439	3787
7361	3788
8092	3789
6013	3790
8165	3791
2347	3792
8998	3793
6089	3794
1110	3795
7538	3796
5759	3797
5606	3798
2243	3799
6408	3800
2693	3801
4905	3802
3927	3803
3432	3804
4825	3805
4702	3806
5158	3807
1051	3808
9841	3809
5899	3810
7344	3811
1059	3812
4676	3813
5235	3814
2331	3815
2344	3816
250	3817
2223	3818
895	3819
8803	3820
5225	3821
365	3822
7065	3823
9705	3824
2323	3825
1466	3826
5443	3827
587	3828
6538	3829
5564	3830
3788	3831
6501	3832
5478	3833
3502	3834
2943	3835
5491	3836
4681	3837
9076	3838
7367	3839
6549	3840
3508	3841
5137	3842
3118	3843
9246	3844
9074	3845
3710	3846
443	3847
558	3848
3521	3849
8791	3850
6290	3851
8164	3852
9527	3853
4376	3854
136	3855
2063	3856
1843	3857
1462	3858
5945	3859
7280	3860
6624	3861
5461	3862
9411	3863
9508	3864
3510	3865
6214	3866
2783	3867
1615	3868
3628	3869
8697	3870
948	3871
1781	3872
2515	3873
6666	3874
7429	3875
3665	3876
2052	3877
5298	3878
1558	3879
654	3880
6291	3881
4202	3882
8688	3883
3886	3884
9721	3885
597	3886
4268	3887
7226	3888
3	3889
9616	3890
1336	3891
8526	3892
2712	3893
6889	3894
3720	3895
7724	3896
9786	3897
5590	3898
466	3899
5518	3900
1176	3901
6864	3902
2239	3903
9160	3904
2757	3905
2010	3906
9575	3907
933	3908
4782	3909
4796	3910
7346	3911
8820	3912
644	3913
5113	3914
5826	3915
9268	3916
6347	3917
8063	3918
8937	3919
3544	3920
5297	3921
5374	3922
9276	3923
8650	3924
8192	3925
3911	3926
4647	3927
3497	3928
383	3929
6836	3930
3346	3931
9298	3932
1588	3933
5005	3934
4559	3935
7863	3936
9519	3937
1451	3938
6543	3939
3850	3940
4560	3941
6907	3942
7500	3943
8708	3944
1046	3945
9216	3946
7988	3947
8302	3948
6225	3949
629	3950
4252	3951
7139	3952
5800	3953
3486	3954
68	3955
2567	3956
4388	3957
2272	3958
6185	3959
6773	3960
9544	3961
952	3962
6192	3963
7372	3964
1999	3965
8918	3966
9765	3967
7841	3968
6568	3969
24	3970
5639	3971
7257	3972
6335	3973
1586	3974
2505	3975
7593	3976
278	3977
9384	3978
520	3979
458	3980
2087	3981
563	3982
3130	3983
8353	3984
3483	3985
5289	3986
4520	3987
9474	3988
2286	3989
730	3990
4242	3991
8368	3992
9209	3993
9065	3994
1277	3995
8376	3996
5112	3997
2086	3998
6661	3999
49	4000
2641	4001
5173	4002
2894	4003
4112	4004
2278	4005
6687	4006
6988	4007
5871	4008
1841	4009
2925	4010
7238	4011
198	4012
7222	4013
7566	4014
7623	4015
6241	4016
61	4017
5191	4018
6814	4019
112	4020
7261	4021
20	4022
54	4023
3342	4024
5057	4025
3921	4026
9172	4027
3093	4028
8130	4029
8214	4030
7812	4031
60	4032
4165	4033
13	4034
447	4035
5888	4036
4229	4037
2308	4038
5782	4039
6524	4040
6456	4041
3595	4042
384	4043
294	4044
5348	4045
1818	4046
9386	4047
6431	4048
709	4049
7068	4050
4270	4051
9324	4052
8186	4053
5231	4054
4950	4055
5145	4056
2812	4057
7140	4058
2923	4059
7720	4060
2615	4061
1748	4062
4	4063
2326	4064
6065	4065
3279	4066
5538	4067
6621	4068
9811	4069
9694	4070
2020	4071
8252	4072
3354	4073
3679	4074
1571	4075
7964	4076
4028	4077
2124	4078
4015	4079
5567	4080
8335	4081
3983	4082
4548	4083
3964	4084
3478	4085
5798	4086
1764	4087
2048	4088
2196	4089
9741	4090
6210	4091
106	4092
3535	4093
6574	4094
1264	4095
5061	4096
7171	4097
3311	4098
1333	4099
8152	4100
2251	4101
3746	4102
969	4103
984	4104
4046	4105
1770	4106
4775	4107
5052	4108
2840	4109
1384	4110
9651	4111
4439	4112
7310	4113
2730	4114
4501	4115
3836	4116
8512	4117
8140	4118
3672	4119
7255	4120
2831	4121
110	4122
5131	4123
6831	4124
3491	4125
5010	4126
2301	4127
1826	4128
9566	4129
872	4130
460	4131
4279	4132
5466	4133
7098	4134
3529	4135
8205	4136
6333	4137
7857	4138
9385	4139
9640	4140
3571	4141
7768	4142
1477	4143
5975	4144
2383	4145
9780	4146
2579	4147
1189	4148
2163	4149
1340	4150
7302	4151
4416	4152
4642	4153
3569	4154
3419	4155
5363	4156
7606	4157
3383	4158
496	4159
2861	4160
1668	4161
2837	4162
8559	4163
7783	4164
1598	4165
5435	4166
5662	4167
3330	4168
9180	4169
2667	4170
5217	4171
8530	4172
4081	4173
749	4174
65	4175
8933	4176
6952	4177
7312	4178
4626	4179
4011	4180
3049	4181
3163	4182
3404	4183
7859	4184
8008	4185
2015	4186
7803	4187
7996	4188
2983	4189
3277	4190
5514	4191
4301	4192
2507	4193
4656	4194
1410	4195
7117	4196
9604	4197
1789	4198
5515	4199
646	4200
6198	4201
5382	4202
7622	4203
7709	4204
4183	4205
7326	4206
2363	4207
6230	4208
8257	4209
9586	4210
8437	4211
3126	4212
8780	4213
2026	4214
772	4215
4794	4216
7397	4217
3207	4218
1372	4219
9107	4220
6692	4221
1167	4222
7603	4223
5525	4224
320	4225
5072	4226
9214	4227
5814	4228
2692	4229
8390	4230
1596	4231
662	4232
2283	4233
4640	4234
7698	4235
2136	4236
6544	4237
7118	4238
4801	4239
5505	4240
7680	4241
5314	4242
6511	4243
4445	4244
6470	4245
1853	4246
8264	4247
3278	4248
9867	4249
3108	4250
4111	4251
7245	4252
4870	4253
4346	4254
1454	4255
9722	4256
1135	4257
2813	4258
317	4259
1945	4260
1949	4261
2713	4262
4432	4263
8217	4264
1520	4265
6306	4266
7203	4267
4074	4268
504	4269
4130	4270
4901	4271
5859	4272
6480	4273
4892	4274
5998	4275
8119	4276
8106	4277
8061	4278
756	4279
4347	4280
7400	4281
8542	4282
854	4283
3035	4284
4149	4285
1433	4286
2816	4287
9441	4288
1930	4289
2279	4290
630	4291
9010	4292
6150	4293
7605	4294
5833	4295
8832	4296
6934	4297
65	4298
2427	4299
8770	4300
7038	4301
7697	4302
796	4303
4265	4304
9117	4305
456	4306
4804	4307
777	4308
991	4309
4429	4310
6737	4311
9469	4312
129	4313
8502	4314
3874	4315
1743	4316
943	4317
9636	4318
6518	4319
1616	4320
2582	4321
7469	4322
580	4323
2896	4324
212	4325
9157	4326
4509	4327
5023	4328
4606	4329
5454	4330
2354	4331
7610	4332
3321	4333
2	4334
6628	4335
7577	4336
4920	4337
9819	4338
2035	4339
9367	4340
3741	4341
2064	4342
4599	4343
6423	4344
4462	4345
5169	4346
4793	4347
6606	4348
229	4349
7266	4350
1619	4351
5684	4352
502	4353
3965	4354
4480	4355
6930	4356
3912	4357
4556	4358
7615	4359
5852	4360
4055	4361
6051	4362
6591	4363
8446	4364
1981	4365
7631	4366
7587	4367
3948	4368
7881	4369
5165	4370
1786	4371
6770	4372
3305	4373
2826	4374
8887	4375
1942	4376
7675	4377
7036	4378
9666	4379
1369	4380
827	4381
1747	4382
3804	4383
5183	4384
6523	4385
6494	4386
3782	4387
5786	4388
7183	4389
3387	4390
91	4391
60	4392
7209	4393
4058	4394
2863	4395
8071	4396
4664	4397
5489	4398
2880	4399
5422	4400
7554	4401
618	4402
4032	4403
6558	4404
9444	4405
9203	4406
3437	4407
108	4408
4102	4409
8725	4410
4147	4411
4255	4412
1736	4413
3621	4414
7321	4415
6189	4416
635	4417
6486	4418
8844	4419
2442	4420
9473	4421
202	4422
4402	4423
5592	4424
1944	4425
6742	4426
6895	4427
5315	4428
8670	4429
2379	4430
257	4431
9352	4432
4037	4433
1737	4434
4177	4435
4957	4436
3131	4437
1777	4438
7060	4439
5462	4440
59	4441
6124	4442
7274	4443
4133	4444
6262	4445
4631	4446
155	4447
5783	4448
7005	4449
4838	4450
7747	4451
393	4452
3239	4453
5098	4454
2287	4455
5184	4456
7825	4457
9720	4458
9145	4459
785	4460
1633	4461
4157	4462
8510	4463
565	4464
7437	4465
2702	4466
9502	4467
3353	4468
7385	4469
1683	4470
3845	4471
3225	4472
4343	4473
3577	4474
4271	4475
7872	4476
3041	4477
1693	4478
4491	4479
8531	4480
3391	4481
9051	4482
3516	4483
1053	4484
6135	4485
4181	4486
742	4487
4145	4488
6197	4489
704	4490
1094	4491
8037	4492
1667	4493
7725	4494
4232	4495
5918	4496
8220	4497
6211	4498
1482	4499
2772	4500
1025	4501
2439	4502
9433	4503
8103	4504
8355	4505
9189	4506
9556	4507
1582	4508
4939	4509
8096	4510
131	4511
7731	4512
9455	4513
6963	4514
220	4515
6227	4516
8077	4517
3436	4518
9736	4519
18	4520
6453	4521
1766	4522
974	4523
1845	4524
5179	4525
3438	4526
8054	4527
839	4528
8199	4529
7796	4530
3063	4531
8772	4532
3589	4533
2698	4534
6573	4535
8159	4536
8342	4537
3935	4538
5594	4539
7968	4540
2558	4541
1643	4542
5070	4543
9261	4544
103	4545
1052	4546
5748	4547
8773	4548
6756	4549
9445	4550
3284	4551
7249	4552
4020	4553
6857	4554
9083	4555
3822	4556
4350	4557
5342	4558
866	4559
2768	4560
788	4561
4461	4562
3801	4563
1067	4564
1157	4565
1694	4566
2023	4567
2044	4568
1173	4569
3236	4570
9040	4571
4511	4572
4632	4573
5073	4574
3958	4575
1117	4576
7427	4577
8968	4578
3358	4579
1728	4580
8800	4581
4644	4582
3458	4583
6768	4584
9143	4585
8048	4586
8122	4587
1500	4588
6231	4589
3702	4590
4907	4591
2720	4592
3033	4593
934	4594
3626	4595
3389	4596
477	4597
6886	4598
2794	4599
444	4600
5302	4601
8618	4602
1241	4603
3897	4604
4720	4605
599	4606
16	4607
70	4608
1244	4609
4543	4610
4348	4611
8624	4612
2864	4613
4673	4614
7051	4615
8747	4616
8149	4617
1730	4618
7094	4619
7233	4620
9708	4621
1388	4622
2147	4623
8332	4624
3237	4625
1288	4626
533	4627
3765	4628
4987	4629
2587	4630
3372	4631
9805	4632
666	4633
3852	4634
83	4635
416	4636
7669	4637
3902	4638
82	4639
6599	4640
6827	4641
5583	4642
9782	4643
6712	4644
7240	4645
2849	4646
7103	4647
3423	4648
9516	4649
5915	4650
1095	4651
6554	4652
6583	4653
1856	4654
7584	4655
4216	4656
6419	4657
7797	4658
4226	4659
5571	4660
428	4661
1364	4662
8098	4663
1392	4664
1318	4665
9668	4666
6410	4667
1644	4668
6828	4669
5326	4670
5223	4671
5958	4672
268	4673
8484	4674
6079	4675
947	4676
4164	4677
8343	4678
7618	4679
1348	4680
6404	4681
3861	4682
5360	4683
5338	4684
5690	4685
8412	4686
1054	4687
4211	4688
7891	4689
1	4690
4797	4691
6119	4692
2444	4693
4209	4694
6693	4695
7333	4696
6244	4697
992	4698
887	4699
9822	4700
4885	4701
9525	4702
9706	4703
8794	4704
7744	4705
9219	4706
8855	4707
7508	4708
5417	4709
9130	4710
1991	4711
3797	4712
1670	4713
5263	4714
245	4715
1656	4716
9787	4717
8285	4718
7387	4719
6073	4720
4754	4721
497	4722
7791	4723
7652	4724
8067	4725
4351	4726
3929	4727
3179	4728
421	4729
1381	4730
369	4731
4898	4732
4336	4733
12	4734
5396	4735
2428	4736
7012	4737
5857	4738
8576	4739
4317	4740
7908	4741
7851	4742
689	4743
853	4744
5321	4745
3038	4746
1913	4747
2312	4748
168	4749
5029	4750
1284	4751
4756	4752
4473	4753
2565	4754
2500	4755
4009	4756
1965	4757
5624	4758
5838	4759
8058	4760
759	4761
2221	4762
8188	4763
4398	4764
1515	4765
6163	4766
2665	4767
7914	4768
6224	4769
1916	4770
3493	4771
7066	4772
2709	4773
3253	4774
4026	4775
6148	4776
3872	4777
333	4778
4017	4779
610	4780
2512	4781
2415	4782
8440	4783
4426	4784
1545	4785
5867	4786
3507	4787
251	4788
876	4789
5149	4790
3733	4791
2718	4792
3785	4793
1627	4794
8025	4795
9196	4796
395	4797
7288	4798
8671	4799
6861	4800
7520	4801
7604	4802
8895	4803
3620	4804
192	4805
7647	4806
586	4807
904	4808
2850	4809
5552	4810
1285	4811
9086	4812
2135	4813
6310	4814
4890	4815
1415	4816
8135	4817
9821	4818
2180	4819
3774	4820
5115	4821
3216	4822
9166	4823
3699	4824
113	4825
4162	4826
2078	4827
9242	4828
6052	4829
4749	4830
291	4831
9865	4832
6531	4833
2838	4834
1013	4835
1724	4836
8658	4837
5528	4838
2353	4839
3356	4840
4361	4841
2952	4842
1897	4843
1310	4844
5377	4845
1098	4846
3933	4847
6411	4848
5174	4849
8733	4850
1680	4851
7205	4852
7000	4853
8493	4854
3221	4855
5972	4856
2257	4857
2451	4858
2941	4859
1589	4860
985	4861
5230	4862
5	4863
7862	4864
7077	4865
5926	4866
4308	4867
6789	4868
8479	4869
6906	4870
7407	4871
3775	4872
5676	4873
3943	4874
3537	4875
7550	4876
552	4877
7922	4878
1754	4879
3248	4880
8590	4881
9657	4882
5135	4883
9667	4884
5944	4885
3194	4886
2374	4887
9204	4888
6392	4889
1487	4890
7345	4891
2914	4892
2540	4893
5414	4894
2191	4895
409	4896
8238	4897
3594	4898
6804	4899
3618	4900
9541	4901
8458	4902
2017	4903
6780	4904
51	4905
3814	4906
5805	4907
7287	4908
7600	4909
3395	4910
1870	4911
2578	4912
2968	4913
2129	4914
7331	4915
6809	4916
5166	4917
1514	4918
9311	4919
2438	4920
2680	4921
2632	4922
3273	4923
8850	4924
3947	4925
6268	4926
3085	4927
8363	4928
6483	4929
4988	4930
6955	4931
7054	4932
8810	4933
7229	4934
3623	4935
6548	4936
6586	4937
7104	4938
4735	4939
1158	4940
6450	4941
3071	4942
1557	4943
8000	4944
8213	4945
1546	4946
8897	4947
8117	4948
2738	4949
2966	4950
4601	4951
769	4952
9350	4953
9693	4954
2689	4955
594	4956
6516	4957
5330	4958
2387	4959
344	4960
3230	4961
7668	4962
5271	4963
7755	4964
657	4965
4947	4966
7459	4967
6082	4968
4334	4969
4948	4970
1010	4971
6461	4972
8989	4973
2455	4974
5420	4975
8121	4976
2234	4977
412	4978
9128	4979
7762	4980
5401	4981
5186	4982
223	4983
6181	4984
5487	4985
1203	4986
1758	4987
3806	4988
490	4989
7511	4990
397	4991
5154	4992
1947	4993
7558	4994
1552	4995
1635	4996
2164	4997
6916	4998
661	4999
7467	5000
2618	5001
7925	5002
6872	5003
2013	5004
2637	5005
7858	5006
1422	5007
9174	5008
4083	5009
2508	5010
2620	5011
4039	5012
4799	5013
5189	5014
3904	5015
1423	5016
890	5017
7535	5018
4296	5019
1527	5020
2782	5021
9185	5022
6305	5023
4285	5024
9153	5025
5376	5026
758	5027
5436	5028
5210	5029
4908	5030
9744	5031
8047	5032
1037	5033
2610	5034
3721	5035
10	5036
4809	5037
4772	5038
1353	5039
2075	5040
3942	5041
5194	5042
2235	5043
4525	5044
2763	5045
126	5046
7902	5047
8447	5048
7025	5049
8858	5050
483	5051
8189	5052
4129	5053
2121	5054
9345	5055
2248	5056
9534	5057
1791	5058
5820	5059
6489	5060
577	5061
4528	5062
2185	5063
7751	5064
8695	5065
146	5066
4040	5067
8763	5068
1379	5069
4807	5070
7265	5071
5083	5072
2485	5073
2311	5074
208	5075
3350	5076
5105	5077
508	5078
819	5079
8004	5080
7932	5081
7071	5082
4492	5083
2062	5084
8233	5085
4868	5086
6877	5087
5712	5088
2	5089
1354	5090
8137	5091
9597	5092
3365	5093
7672	5094
4208	5095
2986	5096
1830	5097
1190	5098
7421	5099
8854	5100
9484	5101
3420	5102
3384	5103
513	5104
5964	5105
9487	5106
378	5107
4190	5108
9478	5109
5597	5110
7199	5111
4404	5112
8400	5113
4134	5114
5295	5115
4816	5116
4917	5117
6229	5118
5212	5119
5371	5120
4731	5121
899	5122
2627	5123
4406	5124
201	5125
589	5126
462	5127
2295	5128
8817	5129
2488	5130
3807	5131
8488	5132
8207	5133
3351	5134
7644	5135
3011	5136
1101	5137
109	5138
8179	5139
698	5140
2242	5141
5260	5142
4714	5143
4703	5144
2671	5145
6063	5146
9284	5147
6400	5148
6639	5149
5426	5150
8978	5151
3310	5152
2550	5153
3863	5154
3959	5155
3550	5156
370	5157
6324	5158
3931	5159
2969	5160
4312	5161
9747	5162
2211	5163
9043	5164
5797	5165
4665	5166
4760	5167
5794	5168
18	5169
7773	5170
1376	5171
5104	5172
2142	5173
8468	5174
2888	5175
7186	5176
2060	5177
7659	5178
8994	5179
9594	5180
6053	5181
4414	5182
3488	5183
957	5184
9862	5185
3787	5186
878	5187
3708	5188
6546	5189
8229	5190
3907	5191
4084	5192
3394	5193
752	5194
6991	5195
7997	5196
672	5197
964	5198
8987	5199
6879	5200
9008	5201
9687	5202
4323	5203
7178	5204
85	5205
6849	5206
7708	5207
7283	5208
9316	5209
9684	5210
3855	5211
6165	5212
9529	5213
4746	5214
6613	5215
2531	5216
6826	5217
7164	5218
4123	5219
2213	5220
1733	5221
3135	5222
181	5223
9346	5224
7813	5225
3269	5226
228	5227
5812	5228
6987	5229
6171	5230
2179	5231
655	5232
1417	5233
8654	5234
379	5235
4105	5236
1322	5237
3181	5238
361	5239
402	5240
2800	5241
2649	5242
6492	5243
8093	5244
523	5245
4089	5246
5152	5247
2898	5248
8075	5249
1342	5250
6402	5251
286	5252
1153	5253
7880	5254
1438	5255
8687	5256
6669	5257
6373	5258
373	5259
6041	5260
3671	5261
160	5262
9489	5263
7428	5264
784	5265
8949	5266
36	5267
8326	5268
461	5269
7320	5270
4625	5271
141	5272
9798	5273
4109	5274
4570	5275
2753	5276
9845	5277
7159	5278
3707	5279
25	5280
4151	5281
8129	5282
5285	5283
6519	5284
7688	5285
5253	5286
1409	5287
7360	5288
5202	5289
4094	5290
6813	5291
5238	5292
3274	5293
7085	5294
6340	5295
327	5296
5767	5297
8581	5298
9437	5299
582	5300
546	5301
1266	5302
1647	5303
3196	5304
1820	5305
8113	5306
2506	5307
6319	5308
3154	5309
2479	5310
3748	5311
9773	5312
6005	5313
1773	5314
1287	5315
4433	5316
2740	5317
8306	5318
3498	5319
574	5320
3940	5321
3989	5322
8448	5323
1922	5324
8090	5325
3409	5326
1850	5327
1378	5328
2998	5329
4779	5330
6429	5331
7262	5332
8118	5333
2719	5334
6750	5335
4942	5336
9303	5337
507	5338
2559	5339
8500	5340
1880	5341
3923	5342
2054	5343
3894	5344
927	5345
5049	5346
2595	5347
1020	5348
7734	5349
6577	5350
2957	5351
5399	5352
1555	5353
9112	5354
6249	5355
2874	5356
8834	5357
5731	5358
783	5359
2173	5360
154	5361
9301	5362
3568	5363
3613	5364
2668	5365
7943	5366
4143	5367
3693	5368
8831	5369
7371	5370
7867	5371
8474	5372
4773	5373
4675	5374
6659	5375
9004	5376
3168	5377
1524	5378
9679	5379
4137	5380
4389	5381
8146	5382
7574	5383
6976	5384
8684	5385
6589	5386
3218	5387
2691	5388
3147	5389
6767	5390
4554	5391
7829	5392
5611	5393
4063	5394
5874	5395
4086	5396
8851	5397
6103	5398
6749	5399
1403	5400
7232	5401
2770	5402
3956	5403
3177	5404
6000	5405
2521	5406
6532	5407
6454	5408
7741	5409
424	5410
8276	5411
9032	5412
5370	5413
8185	5414
2371	5415
9570	5416
2832	5417
6250	5418
2979	5419
6846	5420
3619	5421
7354	5422
8880	5423
8427	5424
1187	5425
7455	5426
1903	5427
3257	5428
4824	5429
3088	5430
5452	5431
4562	5432
9810	5433
3468	5434
9046	5435
45	5436
5066	5437
898	5438
2963	5439
7766	5440
3047	5441
8815	5442
4843	5443
6234	5444
5460	5445
5325	5446
4152	5447
258	5448
8150	5449
5769	5450
1508	5451
1817	5452
7492	5453
8801	5454
5245	5455
4677	5456
3705	5457
2607	5458
98	5459
8999	5460
3427	5461
4435	5462
9837	5463
3808	5464
3441	5465
8310	5466
6107	5467
8672	5468
1536	5469
6502	5470
7633	5471
9591	5472
3429	5473
3683	5474
7552	5475
607	5476
4982	5477
9147	5478
8975	5479
8707	5480
4596	5481
3882	5482
7585	5483
6391	5484
4062	5485
1894	5486
6216	5487
643	5488
4557	5489
9178	5490
1862	5491
3754	5492
2259	5493
7495	5494
604	5495
6019	5496
9826	5497
6091	5498
1951	5499
3515	5500
5045	5501
3359	5502
3753	5503
1874	5504
8876	5505
8504	5506
9838	5507
9493	5508
7700	5509
7317	5510
8162	5511
1028	5512
170	5513
9509	5514
3447	5515
8892	5516
1443	5517
7834	5518
2328	5519
8967	5520
4197	5521
4274	5522
9572	5523
1972	5524
9331	5525
8924	5526
1878	5527
3260	5528
3157	5529
4705	5530
9084	5531
195	5532
8639	5533
7960	5534
8675	5535
4189	5536
675	5537
2091	5538
8016	5539
7673	5540
9190	5541
4298	5542
8409	5543
1021	5544
6247	5545
8382	5546
8936	5547
7711	5548
942	5549
472	5550
1065	5551
9623	5552
2484	5553
9490	5554
7056	5555
6660	5556
3600	5557
6432	5558
5001	5559
3689	5560
3879	5561
6102	5562
9603	5563
5383	5564
8678	5565
2081	5566
1019	5567
343	5568
6942	5569
4033	5570
263	5571
3197	5572
4136	5573
5619	5574
4762	5575
6954	5576
8003	5577
4019	5578
6677	5579
5386	5580
7217	5581
6978	5582
7873	5583
9030	5584
2183	5585
1646	5586
7837	5587
6865	5588
4932	5589
2416	5590
6270	5591
686	5592
8739	5593
1493	5594
843	5595
123	5596
6685	5597
1689	5598
5896	5599
6638	5600
5835	5601
1763	5602
482	5603
9768	5604
7821	5605
2273	5606
699	5607
4845	5608
437	5609
6776	5610
7039	5611
2210	5612
3082	5613
8623	5614
4757	5615
608	5616
7712	5617
2727	5618
5139	5619
2946	5620
3803	5621
7732	5622
6074	5623
1859	5624
7119	5625
9267	5626
5441	5627
357	5628
4489	5629
9727	5630
4199	5631
7930	5632
4624	5633
962	5634
3382	5635
2385	5636
7212	5637
6301	5638
4763	5639
7237	5640
4482	5641
9380	5642
1139	5643
6842	5644
5334	5645
1637	5646
9113	5647
8311	5648
2529	5649
3178	5650
3220	5651
2391	5652
7998	5653
7399	5654
7356	5655
538	5656
7120	5657
5096	5658
9334	5659
6407	5660
8946	5661
2944	5662
4576	5663
2465	5664
9495	5665
2574	5666
8805	5667
4725	5668
9647	5669
7836	5670
9792	5671
2916	5672
6871	5673
2958	5674
2434	5675
293	5676
175	5677
680	5678
5604	5679
5444	5680
9245	5681
4778	5682
6956	5683
8586	5684
2305	5685
848	5686
5103	5687
4767	5688
9087	5689
9238	5690
8441	5691
7033	5692
9158	5693
2222	5694
8231	5695
7284	5696
3744	5697
2591	5698
8397	5699
8976	5700
4243	5701
751	5702
3522	5703
2115	5704
1776	5705
1566	5706
8986	5707
7024	5708
5268	5709
6028	5710
818	5711
4440	5712
720	5713
3901	5714
1006	5715
8172	5716
4161	5717
7173	5718
4715	5719
888	5720
2614	5721
273	5722
5002	5723
3448	5724
8594	5725
347	5726
1823	5727
3651	5728
3075	5729
1256	5730
532	5731
5143	5732
38	5733
7589	5734
1122	5735
1047	5736
6745	5737
770	5738
6293	5739
3141	5740
2134	5741
8703	5742
2247	5743
1346	5744
1469	5745
961	5746
4698	5747
4902	5748
5565	5749
1290	5750
4121	5751
80	5752
1872	5753
6778	5754
816	5755
6016	5756
8555	5757
4099	5758
8513	5759
2964	5760
2648	5761
8750	5762
8413	5763
6302	5764
6588	5765
1490	5766
7396	5767
5171	5768
7874	5769
47	5770
8546	5771
1093	5772
267	5773
5531	5774
3546	5775
8908	5776
8972	5777
5688	5778
5241	5779
1362	5780
2425	5781
206	5782
4810	5783
6215	5784
3517	5785
9757	5786
2109	5787
9655	5788
4979	5789
8610	5790
6992	5791
4943	5792
2881	5793
3233	5794
5761	5795
7127	5796
5369	5797
3579	5798
2746	5799
4449	5800
3417	5801
6394	5802
6854	5803
2377	5804
314	5805
4	5806
8108	5807
1103	5808
9794	5809
1390	5810
5437	5811
3209	5812
8170	5813
425	5814
9781	5815
4661	5816
1041	5817
24	5818
6342	5819
3454	5820
9844	5821
3014	5822
619	5823
8022	5824
1867	5825
5031	5826
3528	5827
2199	5828
726	5829
8656	5830
8903	5831
3668	5832
978	5833
3026	5834
6316	5835
4944	5836
9497	5837
9005	5838
1062	5839
5635	5840
9103	5841
7640	5842
6040	5843
4045	5844
4972	5845
4968	5846
1966	5847
1306	5848
3051	5849
656	5850
9300	5851
3199	5852
9646	5853
7619	5854
9124	5855
2168	5856
2403	5857
3368	5858
4595	5859
5481	5860
7311	5861
1931	5862
6915	5863
7498	5864
551	5865
127	5866
3909	5867
8010	5868
5687	5869
2541	5870
4662	5871
1678	5872
5007	5873
4230	5874
7805	5875
3987	5876
1089	5877
986	5878
4630	5879
1201	5880
1538	5881
1456	5882
1695	5883
4117	5884
9001	5885
5312	5886
2249	5887
5697	5888
4959	5889
6334	5890
3659	5891
6186	5892
8992	5893
9709	5894
8816	5895
3779	5896
1573	5897
1591	5898
5291	5899
5041	5900
1740	5901
2482	5902
1382	5903
4027	5904
2153	5905
5309	5906
9671	5907
112	5908
8923	5909
2779	5910
2493	5911
3106	5912
1088	5913
7655	5914
4472	5915
2928	5916
2250	5917
4906	5918
2767	5919
9133	5920
2871	5921
4496	5922
7946	5923
427	5924
4970	5925
3348	5926
2119	5927
9119	5928
8612	5929
3740	5930
3615	5931
5208	5932
5858	5933
4667	5934
1123	5935
3794	5936
6562	5937
7032	5938
3375	5939
6062	5940
3687	5941
5273	5942
4670	5943
7305	5944
5714	5945
4333	5946
5836	5947
2225	5948
148	5949
4314	5950
2839	5951
5059	5952
7869	5953
6118	5954
2079	5955
5652	5956
9278	5957
1994	5958
5116	5959
6066	5960
4936	5961
6595	5962
3195	5963
7379	5964
7451	5965
9187	5966
4592	5967
4849	5968
2643	5969
247	5970
3732	5971
5081	5972
8643	5973
5037	5974
6929	5975
6922	5976
1421	5977
5375	5978
965	5979
5075	5980
8633	5981
3173	5982
5582	5983
114	5984
9289	5985
9619	5986
5262	5987
5932	5988
700	5989
3200	5990
1774	5991
7497	5992
2977	5993
562	5994
8517	5995
484	5996
4309	5997
1002	5998
5803	5999
8548	6000
7941	6001
8719	6002
5209	6003
5204	6004
7853	6005
6529	6006
6622	6007
859	6008
7839	6009
184	6010
7533	6011
5887	6012
6139	6013
6772	6014
1192	6015
1727	6016
8792	6017
2334	6018
9608	6019
7314	6020
226	6021
8973	6022
6642	6023
7460	6024
4444	6025
7653	6026
2188	6027
7044	6028
4620	6029
4395	6030
1359	6031
2256	6032
7567	6033
8874	6034
7409	6035
6026	6036
8041	6037
9755	6038
2402	6039
8578	6040
3086	6041
3937	6042
6734	6043
7246	6044
8361	6045
56	6046
6676	6047
5303	6048
5459	6049
6087	6050
7592	6051
5424	6052
2885	6053
3450	6054
1900	6055
6803	6056
3081	6057
3656	6058
1297	6059
117	6060
744	6061
2621	6062
5280	6063
8635	6064
1641	6065
3978	6066
6765	6067
6944	6068
1146	6069
2384	6070
2340	6071
5200	6072
262	6073
8485	6074
9257	6075
2094	6076
9192	6077
7570	6078
2448	6079
7967	6080
2546	6081
3624	6082
6327	6083
398	6084
9611	6085
6843	6086
3029	6087
5497	6088
7366	6089
1161	6090
5492	6091
1529	6092
4108	6093
5999	6094
1911	6095
8802	6096
1985	6097
1720	6098
1609	6099
8385	6100
3007	6101
6798	6102
8515	6103
8916	6104
7253	6105
1115	6106
1549	6107
9751	6108
1796	6109
9443	6110
9818	6111
8689	6112
9814	6113
2551	6114
6345	6115
9034	6116
694	6117
8507	6118
225	6119
6101	6120
8878	6121
2159	6122
5737	6123
3069	6124
858	6125
5844	6126
1075	6127
6468	6128
9545	6129
8344	6130
6700	6131
3657	6132
4998	6133
4259	6134
5304	6135
5294	6136
2217	6137
156	6138
4637	6139
3994	6140
8328	6141
5771	6142
3734	6143
426	6144
8327	6145
638	6146
44	6147
9374	6148
7268	6149
7963	6150
3701	6151
4985	6152
3534	6153
3633	6154
4654	6155
711	6156
3771	6157
9272	6158
3828	6159
1317	6160
5739	6161
3899	6162
6153	6163
3018	6164
6509	6165
6557	6166
2346	6167
7625	6168
6788	6169
3772	6170
5232	6171
3043	6172
8091	6173
4933	6174
4847	6175
2951	6176
1441	6177
8845	6178
7830	6179
8074	6180
1488	6181
972	6182
9740	6183
2450	6184
832	6185
7225	6186
8256	6187
5589	6188
35	6189
5464	6190
7580	6191
1568	6192
3674	6193
3152	6194
4344	6195
7112	6196
1550	6197
4421	6198
3124	6199
4201	6200
7898	6201
1797	6202
9488	6203
8970	6204
7693	6205
282	6206
7122	6207
2260	6208
1142	6209
2962	6210
338	6211
603	6212
8836	6213
6838	6214
1595	6215
8132	6216
6050	6217
7776	6218
1360	6219
7685	6220
2389	6221
2883	6222
3297	6223
8144	6224
5949	6225
5608	6226
3889	6227
7501	6228
5711	6229
1246	6230
3669	6231
8038	6232
3217	6233
6145	6234
9825	6235
9448	6236
1292	6237
6136	6238
8079	6239
7831	6240
1401	6241
4383	6242
5226	6243
1463	6244
2386	6245
7034	6246
2170	6247
2220	6248
3309	6249
2841	6250
5588	6251
3752	6252
7080	6253
3415	6254
8174	6255
7513	6256
6007	6257
3482	6258
5264	6259
6032	6260
7576	6261
7123	6262
8963	6263
3421	6264
7340	6265
1472	6266
2723	6267
6552	6268
3223	6269
5868	6270
3015	6271
5048	6272
4723	6273
4075	6274
5237	6275
9392	6276
8692	6277
7598	6278
6736	6279
5050	6280
9552	6281
6054	6282
615	6283
3252	6284
6282	6285
1155	6286
6389	6287
8028	6288
1144	6289
6653	6290
9364	6291
6680	6292
4478	6293
6116	6294
6009	6295
3030	6296
9091	6297
5921	6298
9676	6299
64	6300
3111	6301
3997	6302
2654	6303
6157	6304
3285	6305
4163	6306
3525	6307
14	6308
8018	6309
4272	6310
4540	6311
3341	6312
1363	6313
5993	6314
1959	6315
4829	6316
4740	6317
432	6318
26	6319
5389	6320
5343	6321
4618	6322
4073	6323
6495	6324
4836	6325
9168	6326
75	6327
102	6328
8910	6329
7375	6330
4536	6331
1669	6332
6044	6333
2744	6334
7510	6335
667	6336
5943	6337
4591	6338
8139	6339
3412	6340
1320	6341
7485	6342
7370	6343
4881	6344
376	6345
8885	6346
6140	6347
2192	6348
6800	6349
9561	6350
2933	6351
1969	6352
4332	6353
4001	6354
3688	6355
7090	6356
2231	6357
3736	6358
1380	6359
4002	6360
7049	6361
566	6362
33	6363
4186	6364
2739	6365
7991	6366
6579	6367
9512	6368
5047	6369
8196	6370
3095	6371
2082	6372
7983	6373
7901	6374
1386	6375
1608	6376
6704	6377
7616	6378
1175	6379
1398	6380
9738	6381
1080	6382
9442	6383
2177	6384
6878	6385
8737	6386
7016	6387
8580	6388
1757	6389
1235	6390
8272	6391
1206	6392
5725	6393
4567	6394
9507	6395
8882	6396
8467	6397
5734	6398
7106	6399
545	6400
4813	6401
90	6402
9155	6403
7259	6404
8714	6405
5541	6406
2518	6407
6158	6408
6859	6409
218	6410
6920	6411
3826	6412
6086	6413
9304	6414
3823	6415
6344	6416
4821	6417
5132	6418
8743	6419
4460	6420
8589	6421
6887	6422
3469	6423
2934	6424
6164	6425
1150	6426
982	6427
6294	6428
5425	6429
9851	6430
8808	6431
1024	6432
4140	6433
118	6434
5192	6435
5322	6436
7148	6437
6746	6438
351	6439
6981	6440
8804	6441
2793	6442
3112	6443
6160	6444
233	6445
4818	6446
43	6447
5950	6448
8616	6449
3103	6450
6740	6451
8988	6452
1299	6453
2810	6454
3467	6455
6254	6456
5772	6457
9258	6458
8822	6459
7413	6460
4090	6461
3462	6462
8180	6463
7298	6464
1352	6465
4663	6466
3716	6467
6870	6468
1105	6469
1544	6470
3070	6471
6179	6472
3264	6473
8394	6474
5283	6475
6977	6476
3074	6477
684	6478
5077	6479
8579	6480
3955	6481
9832	6482
1530	6483
5715	6484
6769	6485
4185	6486
6405	6487
1713	6488
4014	6489
5991	6490
3885	6491
944	6492
2688	6493
2635	6494
5595	6495
7447	6496
9642	6497
9319	6498
9653	6499
2639	6500
2878	6501
2965	6502
298	6503
1289	6504
4363	6505
8014	6506
3654	6507
7466	6508
8558	6509
1617	6510
2012	6511
3851	6512
6815	6513
6601	6514
2606	6515
6990	6516
2569	6517
5607	6518
1941	6519
3728	6520
1109	6521
701	6522
4860	6523
8766	6524
4614	6525
7454	6526
6098	6527
313	6528
2111	6529
8168	6530
5948	6531
3388	6532
2992	6533
9430	6534
5813	6535
3201	6536
9639	6537
7166	6538
5129	6539
8627	6540
8228	6541
8969	6542
6535	6543
2419	6544
3170	6545
4233	6546
3459	6547
9413	6548
6280	6549
7650	6550
1860	6551
8521	6552
2900	6553
3574	6554
1829	6555
5648	6556
6083	6557
6106	6558
4531	6559
9565	6560
7496	6561
8622	6562
5107	6563
1885	6564
2926	6565
6598	6566
9654	6567
2653	6568
2909	6569
4021	6570
4989	6571
7441	6572
6830	6573
7974	6574
3425	6575
4743	6576
8982	6577
9735	6578
4927	6579
8731	6580
7482	6581
4128	6582
2960	6583
2660	6584
8540	6585
4091	6586
7256	6587
3999	6588
1016	6589
1064	6590
8991	6591
6226	6592
5	6593
5164	6594
4711	6595
7892	6596
194	6597
2175	6598
8006	6599
8472	6600
5127	6601
7870	6602
1499	6603
4080	6604
2303	6605
3558	6606
8489	6607
6968	6608
6308	6609
3381	6610
8081	6611
5201	6612
2037	6613
7637	6614
3037	6615
2207	6616
908	6617
5222	6618
8856	6619
2924	6620
8952	6621
1007	6622
1687	6623
1181	6624
8303	6625
3261	6626
7519	6627
515	6628
6762	6629
4493	6630
2426	6631
9295	6632
9139	6633
2735	6634
3992	6635
366	6636
7560	6637
3599	6638
5549	6639
219	6640
6797	6641
5807	6642
6914	6643
5467	6644
9007	6645
8340	6646
9504	6647
7799	6648
80	6649
8947	6650
4706	6651
5506	6652
1446	6653
1560	6654
6057	6655
3224	6656
5521	6657
2771	6658
5020	6659
6154	6660
1899	6661
6759	6662
1071	6663
9256	6664
7224	6665
6980	6666
6363	6667
2517	6668
1710	6669
636	6670
609	6671
2705	6672
1113	6673
4500	6674
5617	6675
165	6676
1958	6677
3393	6678
6117	6679
4221	6680
1738	6681
2556	6682
8562	6683
8030	6684
7502	6685
3722	6686
5809	6687
4593	6688
6933	6689
1399	6690
2502	6691
1305	6692
8475	6693
5027	6694
9094	6695
46	6696
2290	6697
2737	6698
3859	6699
3291	6700
3133	6701
7480	6702
3326	6703
5496	6704
5473	6705
3898	6706
851	6707
5551	6708
2150	6709
5659	6710
1233	6711
8861	6712
567	6713
6974	6714
121	6715
3606	6716
2956	6717
9549	6718
1625	6719
6708	6720
8418	6721
8339	6722
2296	6723
4187	6724
1889	6725
8110	6726
5959	6727
9310	6728
107	6729
5723	6730
7915	6731
7207	6732
4512	6733
4980	6734
4490	6735
6390	6736
8443	6737
2670	6738
4945	6739
61	6740
30	6741
7252	6742
5138	6743
8631	6744
3013	6745
2608	6746
5445	6747
1263	6748
7559	6749
2084	6750
6674	6751
3247	6752
6343	6753
9537	6754
7430	6755
2327	6756
7390	6757
3700	6758
96	6759
9452	6760
9776	6761
3271	6762
3234	6763
7244	6764
7678	6765
7956	6766
1556	6767
3592	6768
3811	6769
7278	6770
108	6771
3169	6772
842	6773
2868	6774
2801	6775
9344	6776
1532	6777
8696	6778
7337	6779
7742	6780
5830	6781
5082	6782
8246	6783
3123	6784
3916	6785
8425	6786
4392	6787
6514	6788
9483	6789
9617	6790
2749	6791
5085	6792
9406	6793
5224	6794
8305	6795
1485	6796
9661	6797
9038	6798
2949	6799
1248	6800
1919	6801
9836	6802
5332	6803
325	6804
6924	6805
3996	6806
6564	6807
1133	6808
5367	6809
5015	6810
1779	6811
1685	6812
5148	6813
9123	6814
1183	6815
182	6816
559	6817
6688	6818
911	6819
8494	6820
451	6821
9016	6822
1375	6823
5866	6824
2027	6825
7561	6826
6267	6827
4240	6828
2681	6829
4953	6830
337	6831
34	6832
3523	6833
921	6834
169	6835
91	6836
1440	6837
8148	6838
5128	6839
205	6840
800	6841
9355	6842
7723	6843
6603	6844
3928	6845
4499	6846
2357	6847
1270	6848
9132	6849
7073	6850
1934	6851
2715	6852
6219	6853
6821	6854
7705	6855
6921	6856
1227	6857
4914	6858
3586	6859
9085	6860
9291	6861
6581	6862
4607	6863
2777	6864
7394	6865
8386	6866
863	6867
6273	6868
3024	6869
6648	6870
2703	6871
4061	6872
1842	6873
301	6874
5199	6875
4098	6876
1450	6877
8720	6878
3704	6879
6199	6880
5157	6881
7917	6882
1112	6883
1940	6884
2875	6885
2596	6886
6459	6887
4759	6888
766	6889
59	6890
1989	6891
9368	6892
3835	6893
3001	6894
5559	6895
4958	6896
3887	6897
3059	6898
9033	6899
7406	6900
3833	6901
2741	6902
2954	6903
5997	6904
9425	6905
4857	6906
6272	6907
1	6908
5413	6909
1816	6910
8894	6911
58	6912
6493	6913
8259	6914
1298	6915
6645	6916
1281	6917
8329	6918
2486	6919
9231	6920
2093	6921
7072	6922
4126	6923
346	6924
7876	6925
3738	6926
6209	6927
4976	6928
9154	6929
4732	6930
8534	6931
8979	6932
2798	6933
4337	6934
3709	6935
5090	6936
8281	6937
821	6938
4581	6939
4096	6940
9682	6941
7378	6942
3042	6943
3694	6944
5920	6945
930	6946
7846	6947
937	6948
1600	6949
4141	6950
9077	6951
7565	6952
4978	6953
3183	6954
3724	6955
5724	6956
1126	6957
5685	6958
2807	6959
2919	6960
3172	6961
3652	6962
7694	6963
8378	6964
6605	6965
6105	6966
1210	6967
8451	6968
4532	6969
8509	6970
4984	6971
841	6972
3980	6973
6755	6974
2675	6975
4207	6976
1542	6977
7526	6978
1855	6979
3028	6980
1936	6981
3984	6982
6488	6983
8432	6984
6725	6985
6437	6986
5953	6987
712	6988
8929	6989
2853	6990
9184	6991
500	6992
6593	6993
7391	6994
8648	6995
8273	6996
7532	6997
5967	6998
7942	6999
1312	7000
6159	7001
6825	7002
299	7003
7181	7004
591	7005
3848	7006
3263	7007
3939	7008
6128	7009
6439	7010
27	7011
9788	7012
5869	7013
8453	7014
2827	7015
5094	7016
2935	7017
8147	7018
9036	7019
2194	7020
3240	7021
4345	7022
6387	7023
791	7024
1275	7025
1022	7026
9	7027
1330	7028
4318	7029
2987	7030
8752	7031
9254	7032
3764	7033
536	7034
7704	7035
2811	7036
6071	7037
7966	7038
1335	7039
1056	7040
802	7041
7807	7042
1467	7043
4608	7044
2716	7045
6434	7046
2022	7047
3614	7048
6763	7049
7155	7050
5507	7051
56	7052
3250	7053
6072	7054
754	7055
4834	7056
9753	7057
7823	7058
2656	7059
2629	7060
4699	7061
5147	7062
6372	7063
831	7064
7300	7065
2939	7066
9125	7067
6761	7068
3557	7069
5476	7070
7236	7071
3189	7072
1626	7073
5188	7074
7006	7075
4769	7076
601	7077
3442	7078
2072	7079
7398	7080
8223	7081
9377	7082
9015	7083
706	7084
6615	7085
6367	7086
4547	7087
4484	7088
2045	7089
7465	7090
9207	7091
8445	7092
5449	7093
2707	7094
6706	7095
235	7096
9685	7097
3062	7098
8249	7099
5187	7100
1116	7101
7722	7102
4100	7103
505	7104
4817	7105
7264	7106
9410	7107
4973	7108
7889	7109
8663	7110
1044	7111
118	7112
765	7113
8247	7114
3435	7115
239	7116
7568	7117
1058	7118
4417	7119
6824	7120
2055	7121
2293	7122
5267	7123
8212	7124
946	7125
6108	7126
7158	7127
4139	7128
1804	7129
6386	7130
6998	7131
5951	7132
9414	7133
9620	7134
5703	7135
6361	7136
7008	7137
8676	7138
7059	7139
708	7140
6070	7141
4946	7142
740	7143
7175	7144
3552	7145
17	7146
1923	7147
5118	7148
5024	7149
6037	7150
6242	7151
4042	7152
1030	7153
9279	7154
6779	7155
3078	7156
8314	7157
3973	7158
7617	7159
7380	7160
3876	7161
6396	7162
2145	7163
7187	7164
953	7165
4728	7166
2859	7167
6447	7168
4057	7169
5841	7170
8051	7171
9429	7172
8729	7173
125	7174
6727	7175
2443	7176
4865	7177
7695	7178
1848	7179
1803	7180
1391	7181
7045	7182
1148	7183
227	7184
5250	7185
7359	7186
5674	7187
6982	7188
8607	7189
5927	7190
6006	7191
5384	7192
5879	7193
9022	7194
1828	7195
7927	7196
7141	7197
7076	7198
9102	7199
7146	7200
1402	7201
7534	7202
9351	7203
8871	7204
270	7205
7749	7206
4104	7207
121	7208
4251	7209
6378	7210
7657	7211
3632	7212
9287	7213
213	7214
85	7215
1097	7216
9208	7217
4069	7218
5530	7219
6201	7220
5344	7221
2466	7222
6875	7223
1217	7224
1995	7225
8471	7226
7464	7227
1279	7228
8677	7229
6175	7230
1489	7231
9398	7232
7114	7233
2891	7234
9229	7235
2435	7236
5307	7237
813	7238
7620	7239
9641	7240
9498	7241
3637	7242
1239	7243
4683	7244
6757	7245
1909	7246
6965	7247
1129	7248
8483	7249
2797	7250
2555	7251
9013	7252
2911	7253
585	7254
4521	7255
4904	7256
6144	7257
999	7258
4013	7259
2143	7260
7422	7261
9662	7262
7299	7263
3610	7264
2599	7265
3231	7266
9288	7267
5550	7268
8411	7269
2821	7270
2775	7271
9255	7272
5182	7273
7368	7274
8388	7275
9729	7276
4995	7277
5091	7278
1511	7279
374	7280
8438	7281
6686	7282
1614	7283
9614	7284
7099	7285
9733	7286
925	7287
5479	7288
4634	7289
8809	7290
5310	7291
1565	7292
3938	7293
5937	7294
7239	7295
7645	7296
3504	7297
1908	7298
3167	7299
7713	7300
1102	7301
7	7302
2252	7303
7113	7304
1255	7305
93	7306
7614	7307
4671	7308
1099	7309
907	7310
4820	7311
3661	7312
8748	7313
2605	7314
9675	7315
9399	7316
8595	7317
8395	7318
6731	7319
5243	7320
6162	7321
5942	7322
469	7323
7969	7324
6233	7325
7982	7326
647	7327
3617	7328
3002	7329
8524	7330
5427	7331
1752	7332
547	7333
6888	7334
8439	7335
6722	7336
1592	7337
9057	7338
8569	7339
606	7340
6010	7341
9081	7342
1224	7343
3854	7344
5877	7345
7897	7346
2067	7347
2984	7348
2028	7349
3211	7350
5078	7351
5790	7352
4822	7353
7949	7354
4326	7355
1902	7356
8535	7357
6076	7358
9494	7359
4378	7360
115	7361
4340	7362
5957	7363
728	7364
4960	7365
2148	7366
6702	7367
524	7368
7328	7369
9152	7370
5218	7371
7235	7372
7474	7373
3495	7374
7105	7375
2955	7376
2652	7377
4712	7378
9179	7379
1481	7380
87	7381
5229	7382
8957	7383
7979	7384
5903	7385
5669	7386
1703	7387
2016	7388
4160	7389
5727	7390
5258	7391
4148	7392
6807	7393
7639	7394
9412	7395
9332	7396
9846	7397
4446	7398
8069	7399
3044	7400
9409	7401
8715	7402
4555	7403
2418	7404
5763	7405
3979	7406
755	7407
84	7408
1240	7409
3662	7410
2041	7411
4182	7412
4792	7413
9531	7414
4219	7415
2711	7416
5629	7417
8013	7418
6841	7419
5581	7420
7458	7421
5259	7422
29	7423
8905	7424
4325	7425
7444	7426
3254	7427
9802	7428
348	7429
5018	7430
5894	7431
4919	7432
8760	7433
6594	7434
9389	7435
7743	7436
5430	7437
9055	7438
7201	7439
2784	7440
3132	7441
8089	7442
7905	7443
7993	7444
8457	7445
6958	7446
147	7447
734	7448
9360	7449
9754	7450
9227	7451
6023	7452
9058	7453
1169	7454
6504	7455
1104	7456
2552	7457
7007	7458
8807	7459
1448	7460
1875	7461
573	7462
6068	7463
1676	7464
6679	7465
8403	7466
26	7467
4691	7468
5548	7469
46	7470
3847	7471
1784	7472
9277	7473
6003	7474
42	7475
9104	7476
5535	7477
6146	7478
8806	7479
3821	7480
9327	7481
7774	7482
5485	7483
8848	7484
6556	7485
2613	7486
7083	7487
3542	7488
7279	7489
6384	7490
2678	7491
3963	7492
6611	7493
4897	7494
6008	7495
9689	7496
2922	7497
3834	7498
5440	7499
5306	7500
5895	7501
2369	7502
685	7503
9073	7504
3245	7505
2788	7506
4888	7507
3280	7508
7129	7509
4803	7510
8547	7511
1125	7512
5911	7513
176	7514
2452	7515
1714	7516
9701	7517
6246	7518
940	7519
9110	7520
693	7521
1707	7522
3113	7523
7973	7524
5860	7525
2604	7526
9476	7527
252	7528
8043	7529
4784	7530
281	7531
7477	7532
602	7533
7218	7534
5640	7535
8823	7536
6909	7537
5593	7538
8241	7539
7893	7540
9812	7541
9299	7542
1060	7543
4095	7544
52	7545
9270	7546
3839	7547
5060	7548
7272	7549
9387	7550
2549	7551
8543	7552
4044	7553
6180	7554
4447	7555
8921	7556
8600	7557
3773	7558
3900	7559
3513	7560
5353	7561
7984	7562
8349	7563
2961	7564
9458	7565
417	7566
6420	7567
7260	7568
5755	7569
5787	7570
2791	7571
101	7572
5719	7573
3307	7574
6953	7575
3875	7576
6399	7577
9230	7578
81	7579
5453	7580
1216	7581
501	7582
531	7583
5418	7584
5058	7585
4466	7586
1918	7587
8072	7588
9599	7589
2624	7590
237	7591
4504	7592
2679	7593
5626	7594
9463	7595
753	7596
8638	7597
892	7598
8277	7599
5842	7600
5775	7601
1234	7602
2573	7603
1303	7604
7861	7605
3784	7606
2884	7607
4805	7608
7676	7609
2113	7610
7844	7611
9068	7612
4430	7613
2099	7614
381	7615
8255	7616
5893	7617
4674	7618
3457	7619
5095	7620
2294	7621
9401	7622
1412	7623
4241	7624
7814	7625
9539	7626
762	7627
7701	7628
7792	7629
6766	7630
185	7631
2462	7632
8694	7633
5465	7634
6898	7635
1722	7636
5713	7637
2224	7638
8287	7639
6312	7640
6566	7641
6946	7642
8389	7643
6049	7644
3566	7645
9266	7646
81	7647
6939	7648
4764	7649
2030	7650
956	7651
5532	7652
9432	7653
9540	7654
9343	7655
6288	7656
7377	7657
94	7658
1907	7659
3449	7660
6313	7661
906	7662
8499	7663
8454	7664
1576	7665
7571	7666
7878	7667
3908	7668
3974	7669
4407	7670
1988	7671
7182	7672
3817	7673
3506	7674
4253	7675
9435	7676
3499	7677
9522	7678
4546	7679
442	7680
6349	7681
5572	7682
3726	7683
8099	7684
2446	7685
3066	7686
1086	7687
2080	7688
1968	7689
3678	7690
8561	7691
9012	7692
6321	7693
406	7694
526	7695
3283	7696
1048	7697
7163	7698
8040	7699
1014	7700
7243	7701
111	7702
544	7703
9830	7704
2039	7705
6649	7706
869	7707
5534	7708
5912	7709
8827	7710
1100	7711
6993	7712
535	7713
446	7714
4443	7715
9520	7716
8414	7717
9071	7718
8236	7719
7228	7720
5156	7721
4722	7722
949	7723
1976	7724
230	7725
5265	7726
3003	7727
1230	7728
9847	7729
3591	7730
4377	7731
2131	7732
8826	7733
45	7734
8651	7735
5973	7736
1890	7737
164	7738
2525	7739
7126	7740
1447	7741
78	7742
8786	7743
6406	7744
8971	7745
5153	7746
1745	7747
714	7748
9003	7749
1759	7750
9468	7751
1943	7752
5828	7753
1414	7754
4303	7755
8086	7756
8625	7757
9731	7758
7011	7759
8435	7760
5902	7761
5701	7762
3259	7763
8958	7764
6473	7765
4307	7766
7699	7767
8647	7768
2736	7769
9571	7770
6694	7771
7136	7772
2609	7773
3331	7774
4800	7775
6253	7776
4742	7777
4574	7778
8601	7779
1313	7780
612	7781
3857	7782
296	7783
7019	7784
9281	7785
4450	7786
7506	7787
4374	7788
6903	7789
1537	7790
9770	7791
4572	7792
5756	7793
2169	7794
5720	7795
1243	7796
4320	7797
7084	7798
4341	7799
3287	7800
7213	7801
8787	7802
787	7803
5065	7804
5385	7805
896	7806
7402	7807
109	7808
22	7809
255	7810
5622	7811
6617	7812
1924	7813
9804	7814
1179	7815
5644	7816
879	7817
2475	7818
3166	7819
5925	7820
6382	7821
3567	7822
2851	7823
9060	7824
6129	7825
1987	7826
5076	7827
8898	7828
626	7829
5508	7830
9371	7831
3399	7832
7545	7833
5387	7834
6837	7835
9249	7836
6297	7837
2229	7838
5278	7839
5136	7840
4638	7841
114	7842
2733	7843
1156	7844
5890	7845
4297	7846
7990	7847
9252	7848
4146	7849
7157	7850
5628	7851
6452	7852
3877	7853
556	7854
4196	7855
4330	7856
1629	7857
857	7858
1341	7859
3925	7860
7436	7861
57	7862
6719	7863
8942	7864
1163	7865
9041	7866
2480	7867
8087	7868
7263	7869
8597	7870
1205	7871
5347	7872
812	7873
8201	7874
7369	7875
1295	7876
4188	7877
6604	7878
3778	7879
4561	7880
5576	7881
5358	7882
1709	7883
1036	7884
8491	7885
7211	7886
6292	7887
5016	7888
2204	7889
7426	7890
4566	7891
342	7892
7642	7893
596	7894
6528	7895
6651	7896
822	7897
4434	7898
1579	7899
8912	7900
6357	7901
9466	7902
1327	7903
1771	7904
3581	7905
7275	7906
3422	7907
3206	7908
6904	7909
5638	7910
7476	7911
9037	7912
6657	7913
1031	7914
7165	7915
5329	7916
3016	7917
7408	7918
1434	7919
3603	7920
4023	7921
963	7922
6975	7923
4467	7924
7334	7925
4909	7926
7419	7927
7484	7928
5379	7929
9745	7930
8269	7931
7434	7932
4717	7933
8613	7934
1543	7935
474	7936
5788	7937
8965	7938
2162	7939
8097	7940
9645	7941
1929	7942
6388	7943
2339	7944
7772	7945
915	7946
7871	7947
3604	7948
3408	7949
2625	7950
3922	7951
3357	7952
1091	7953
4733	7954
5537	7955
1590	7956
817	7957
7410	7958
6296	7959
8577	7960
5351	7961
2523	7962
7	7963
6109	7964
1301	7965
745	7966
4983	7967
9390	7968
663	7969
1825	7970
452	7971
7100	7972
8745	7973
3050	7974
16	7975
1809	7976
4700	7977
3039	7978
5646	7979
1180	7980
2833	7981
697	7982
9681	7983
98	7984
7405	7985
8828	7986
2704	7987
302	7988
3895	7989
5599	7990
2690	7991
9743	7992
5706	7993
9610	7994
3549	7995
3481	7996
2644	7997
236	7998
1171	7999
9286	8000
2503	8001
8602	8002
2457	8003
8757	8004
9436	8005
68	8006
7860	8007
297	8008
7208	8009
6381	8010
6619	8011
9049	8012
659	8013
1852	8014
8295	8015
2139	8016
3565	8017
5442	8018
5853	8019
6121	8020
6131	8021
5236	8022
1705	8023
1455	8024
3690	8025
9391	8026
3142	8027
4886	8028
8029	8029
782	8030
877	8031
9481	8032
7740	8033
1321	8034
1435	8035
8473	8036
6151	8037
7696	8038
6927	8039
3396	8040
7079	8041
6239	8042
105	8043
9317	8044
9553	8045
4911	8046
8275	8047
1712	8048
5345	8049
3786	8050
6665	8051
7951	8052
5415	8053
9426	8054
2887	8055
2592	8056
8702	8057
3165	8058
542	8059
3401	8060
4169	8061
6485	8062
1308	8063
4379	8064
8049	8065
852	8066
9718	8067
4339	8068
5898	8069
6664	8070
3473	8071
9067	8072
5233	8073
3064	8074
8426	8075
6793	8076
2077	8077
6553	8078
4291	8079
2396	8080
89	8081
829	8082
1638	8083
1502	8084
5908	8085
2335	8086
8550	8087
3298	8088
7643	8089
3	8090
2593	8091
2584	8092
2836	8093
862	8094
5579	8095
977	8096
8505	8097
871	8098
903	8099
8406	8100
5333	8101
1111	8102
2972	8103
8234	8104
3340	8105
8570	8106
7015	8107
1749	8108
9624	8109
9097	8110
1166	8111
5323	8112
6369	8113
9609	8114
5356	8115
2029	8116
3314	8117
1374	8118
7290	8119
1337	8120
42	8121
5873	8122
491	8123
2745	8124
3975	8125
6168	8126
6753	8127
1215	8128
5256	8129
3379	8130
5689	8131
4609	8132
2694	8133
5175	8134
9019	8135
2684	8136
3244	8137
9834	8138
3101	8139
3046	8140
1835	8141
6782	8142
2398	8143
5287	8144
4610	8145
7152	8146
8222	8147
9408	8148
1505	8149
1085	8150
7522	8151
5990	8152
8706	8153
3519	8154
3970	8155
4198	8156
5480	8157
8046	8158
8740	8159
2047	8160
576	8161
2991	8162
1141	8163
9524	8164
5600	8165
3745	8166
3843	8167
9800	8168
7393	8169
8778	8170
6897	8171
3344	8172
1134	8173
6172	8174
6880	8175
37	8176
5146	8177
4262	8178
2069	8179
2542	8180
8195	8181
8533	8182
3896	8183
113	8184
997	8185
2682	8186
775	8187
9585	8188
2412	8189
4030	8190
6336	8191
6487	8192
5704	8193
4965	8194
6433	8195
2526	8196
6690	8197
9129	8198
6799	8199
6705	8200
5961	8201
3718	8202
5799	8203
1061	8204
408	8205
3156	8206
5789	8207
2454	8208
2461	8209
2282	8210
5885	8211
6512	8212
5740	8213
8421	8214
6507	8215
6132	8216
5695	8217
2988	8218
5458	8219
6530	8220
2171	8221
9318	8222
4212	8223
8419	8224
3213	8225
8859	8226
4856	8227
5917	8228
6720	8229
2701	8230
1510	8231
5071	8232
530	8233
8240	8234
48	8235
7896	8236
2126	8237
9446	8238
9649	8239
2233	8240
2299	8241
5003	8242
1252	8243
7885	8244
1888	8245
6563	8246
7156	8247
8078	8248
9584	8249
4922	8250
8073	8251
1605	8252
5671	8253
8838	8254
7609	8255
8847	8256
987	8257
3840	8258
6476	8259
1993	8260
7810	8261
5469	8262
4176	8263
9348	8264
6527	8265
2382	8266
1164	8267
7151	8268
8782	8269
4287	8270
7364	8271
6147	8272
923	8273
537	8274
4481	8275
8686	8276
1583	8277
4594	8278
7041	8279
5752	8280
5596	8281
3751	8282
1765	8283
8664	8284
4882	8285
1723	8286
4231	8287
3087	8288
1430	8289
2931	8290
3188	8291
6667	8292
3920	8293
8120	8294
8943	8295
3712	8296
1882	8297
5251	8298
1461	8299
5577	8300
8316	8301
4156	8302
5996	8303
6014	8304
7133	8305
15	8306
4889	8307
3563	8308
1268	8309
705	8310
30	8311
3184	8312
8758	8313
7424	8314
3080	8315
7530	8316
6314	8317
5854	8318
5405	8319
1026	8320
534	8321
5167	8322
9159	8323
1927	8324
2364	8325
1805	8326
9251	8327
1567	8328
9816	8329
8582	8330
8182	8331
2281	8332
8653	8333
6204	8334
6322	8335
7509	8336
97	8337
8956	8338
6520	8339
7138	8340
4116	8341
2218	8342
9697	8343
3099	8344
9309	8345
8779	8346
40	8347
731	8348
617	8349
6596	8350
2858	8351
1491	8352
9564	8353
6190	8354
2130	8355
1178	8356
1347	8357
6320	8358
2151	8359
2973	8360
5817	8361
2320	8362
2300	8363
8614	8364
9835	8365
2901	8366
9379	8367
1512	8368
1716	8369
95	8370
8021	8371
5227	8372
5366	8373
3545	8374
5864	8375
5770	8376
6571	8377
8155	8378
9558	8379
6471	8380
5591	8381
4716	8382
5099	8383
3036	8384
5014	8385
6610	8386
5240	8387
238	8388
210	8389
7726	8390
1974	8391
1741	8392
5808	8393
336	8394
6490	8395
8045	8396
7895	8397
5575	8398
5655	8399
242	8400
6245	8401
326	8402
2908	8403
3268	8404
4066	8405
9200	8406
2892	8407
5914	8408
2829	8409
8470	8410
7579	8411
9510	8412
1265	8413
2978	8414
162	8415
2570	8416
7418	8417
2014	8418
9396	8419
7597	8420
9048	8421
7172	8422
6403	8423
7918	8424
4828	8425
3005	8426
2089	8427
6438	8428
3232	8429
3010	8430
9400	8431
5301	8432
1368	8433
318	8434
7190	8435
7336	8436
8116	8437
328	8438
7794	8439
2917	8440
5554	8441
6717	8442
9141	8443
7453	8444
8974	8445
1506	8446
2725	8447
6852	8448
528	8449
5522	8450
5751	8451
4107	8452
1935	8453
4839	8454
1154	8455
8818	8456
9732	8457
9578	8458
2449	8459
1345	8460
8190	8461
1540	8462
8811	8463
9095	8464
8034	8465
9397	8466
2616	8467
8299	8468
3587	8469
107	8470
6114	8471
8125	8472
4064	8473
2905	8474
1269	8475
9402	8476
9264	8477
2127	8478
7490	8479
2519	8480
1788	8481
5754	8482
9262	8483
9691	8484
645	8485
7487	8486
897	8487
3371	8488
7351	8489
8	8490
4553	8491
9723	8492
7563	8493
3932	8494
5544	8495
7037	8496
7003	8497
9842	8498
6366	8499
8320	8500
5493	8501
1813	8502
5395	8503
7281	8504
39	8505
7327	8506
7866	8507
3725	8508
6047	8509
1744	8510
9235	8511
3846	8512
1955	8513
7206	8514
9340	8515
3096	8516
6096	8517
106	8518
4650	8519
5793	8520
6805	8521
8662	8522
5211	8523
7462	8524
1259	8525
7030	8526
8699	8527
4354	8528
960	8529
8668	8530
1963	8531
3642	8532
2240	8533
5406	8534
6774	8535
4498	8536
7373	8537
7754	8538
637	8539
6829	8540
4275	8541
1033	8542
6673	8543
6811	8544
9598	8545
5645	8546
4034	8547
4516	8548
73	8549
5801	8550
9790	8551
6979	8552
8724	8553
4413	8554
7515	8555
8604	8556
6263	8557
316	8558
4463	8559
4643	8560
2995	8561
2467	8562
5633	8563
5637	8564
738	8565
4613	8566
5924	8567
3936	8568
5742	8569
4415	8570
4689	8571
6350	8572
7289	8573
1863	8574
1602	8575
7161	8576
8626	8577
6193	8578
6533	8579
1787	8580
7691	8581
5884	8582
5556	8583
2351	8584
804	8585
4085	8586
6970	8587
5324	8588
9464	8589
4724	8590
4628	8591
8334	8592
9098	8593
9839	8594
1663	8595
3097	8596
188	8597
902	8598
5632	8599
6370	8600
8466	8601
2910	8602
3282	8603
5815	8604
2980	8605
7954	8606
9078	8607
5545	8608
57	8609
2561	8610
6691	8611
1131	8612
7748	8613
6156	8614
4355	8615
4248	8616
5710	8617
8331	8618
825	8619
4452	8620
9680	8621
5546	8622
4051	8623
9563	8624
7174	8625
7971	8626
6823	8627
5848	8628
9039	8629
5651	8630
7180	8631
9206	8632
7738	8633
8718	8634
3116	8635
1475	8636
3869	8637
7102	8638
9551	8639
4153	8640
4636	8641
5207	8642
9313	8643
9795	8644
3144	8645
7789	8646
2193	8647
4929	8648
4971	8649
2065	8650
401	8651
5995	8652
9860	8653
8917	8654
3713	8655
7786	8656
140	8657
5364	8658
1762	8659
808	8660
875	8661
5994	8662
6430	8663
3645	8664
3193	8665
1692	8666
6311	8667
5475	8668
8852	8669
2441	8670
1672	8671
1092	8672
3	8673
6085	8674
8767	8675
5675	8676
7981	8677
8538	8678
4192	8679
129	8680
5215	8681
8123	8682
3476	8683
1648	8684
364	8685
4934	8686
8948	8687
8941	8688
4844	8689
2852	8690
3464	8691
2350	8692
489	8693
5498	8694
3986	8695
6353	8696
8274	8697
5843	8698
3119	8699
912	8700
7953	8701
8567	8702
6901	8703
1411	8704
126	8705
8872	8706
8402	8707
6925	8708
3842	8709
3533	8710
2857	8711
4770	8712
8450	8713
9293	8714
6484	8715
3812	8716
8727	8717
1886	8718
19	8719
8112	8720
3222	8721
9312	8722
9427	8723
8868	8724
7601	8725
3827	8726
9248	8727
8821	8728
6582	8729
9808	8730
2410	8731
1001	8732
4913	8733
8085	8734
8131	8735
4938	8736
9635	8737
4577	8738
276	8739
4961	8740
4726	8741
6004	8742
275	8743
7549	8744
9593	8745
4222	8746
2302	8747
3758	8748
7389	8749
4154	8750
6714	8751
6255	8752
2759	8753
5861	8754
8134	8755
588	8756
7332	8757
1891	8758
5483	8759
3484	8760
6771	8761
287	8762
4734	8763
6142	8764
385	8765
9362	8766
6479	8767
5502	8768
1964	8769
8417	8770
4335	8771
390	8772
5609	8773
5079	8774
9240	8775
7750	8776
2474	8777
5881	8778
8575	8779
7865	8780
4798	8781
3403	8782
3361	8783
7357	8784
1881	8785
9302	8786
2097	8787
7442	8788
8528	8789
1802	8790
8953	8791
7852	8792
3406	8793
7547	8794
9056	8795
779	8796
2040	8797
7683	8798
6368	8799
4261	8800
8377	8801
2445	8802
4645	8803
2856	8804
177	8805
6559	8806
2236	8807
5080	8808
4213	8809
5601	8810
2174	8811
6094	8812
4981	8813
6620	8814
418	8815
2645	8816
8317	8817
966	8818
9404	8819
7504	8820
9014	8821
2106	8822
5566	8823
6795	8824
7924	8825
324	8826
835	8827
9053	8828
5009	8829
4025	8830
9161	8831
6359	8832
123	8833
3703	8834
9440	8835
4651	8836
4761	8837
3796	8838
2100	8839
4393	8840
774	8841
1837	8842
3492	8843
7220	8844
2309	8845
7214	8846
7833	8847
6575	8848
8290	8849
3378	8850
6839	8851
8522	8852
7843	8853
9373	8854
486	8855
1751	8856
2393	8857
5726	8858
6623	8859
1650	8860
7992	8861
3799	8862
4292	8863
2970	8864
9347	8865
1681	8866
3769	8867
4031	8868
9856	8869
3825	8870
6735	8871
3281	8872
280	8873
7759	8874
4507	8875
134	8876
5802	8877
1018	8878
5284	8879
394	8880
9381	8881
6265	8882
5012	8883
2927	8884
5758	8885
8765	8886
8712	8887
2786	8888
9122	8889
9801	8890
2747	8891
4579	8892
2999	8893
8788	8894
7304	8895
4832	8896
4173	8897
6748	8898
2306	8899
6328	8900
1561	8901
1877	8902
3711	8903
7176	8904
1339	8905
6038	8906
5856	8907
1011	8908
9329	8909
6751	8910
6853	8911
3575	8912
1597	8913
3962	8914
4774	8915
2107	8916
3034	8917
5392	8918
3385	8919
3570	8920
913	8921
2166	8922
5117	8923
2310	8924
2413	8925
9282	8926
2406	8927
9612	8928
1431	8929
5249	8930
1068	8931
8487	8932
1140	8933
8710	8934
5862	8935
4682	8936
7735	8937
3747	8938
7938	8939
6383	8940
7935	8941
438	8942
116	8943
8393	8944
9778	8945
5962	8946
9550	8947
2102	8948
354	8949
8835	8950
7031	8951
1990	8952
8434	8953
867	8954
9195	8955
3527	8956
2429	8957
9496	8958
8283	8959
1172	8960
4992	8961
8242	8962
4366	8963
4458	8964
555	8965
3831	8966
1260	8967
9643	8968
6100	8969
5234	8970
8070	8971
621	8972
9358	8973
5553	8974
2548	8975
9554	8976
2292	8977
7804	8978
1309	8979
166	8980
6995	8981
3146	8982
2437	8983
7064	8984
713	8985
716	8986
7192	8987
2123	8988
6650	8989
5904	8990
2458	8991
6375	8992
3175	8993
7733	8994
5694	8995
4124	8996
6015	8997
4738	8998
6597	8999
5901	9000
4168	9001
5839	9002
830	9003
7021	9004
6721	9005
8183	9006
4455	9007
2066	9008
8661	9009
5707	9010
1272	9011
7531	9012
2360	9013
279	9014
6276	9015
9677	9016
9673	9017
5331	9018
7775	9019
3145	9020
9336	9021
3971	9022
6787	9023
2390	9024
8930	9025
9659	9026
7936	9027
7661	9028
6277	9029
9280	9030
8629	9031
1066	9032
8396	9033
1659	9034
3531	9035
6445	9036
6184	9037
6099	9038
8109	9039
9580	9040
8208	9041
2787	9042
6413	9043
1343	9044
492	9045
968	9046
128	9047
196	9048
2697	9049
5980	9050
9273	9051
7826	9052
2471	9053
1250	9054
6522	9055
1119	9056
8444	9057
2216	9058
9526	9059
9320	9060
8424	9061
8865	9062
9457	9063
7641	9064
9223	9065
9018	9066
540	9067
9716	9068
790	9069
4215	9070
8105	9071
2721	9072
3275	9073
7868	9074
2262	9075
6393	9076
917	9077
650	9078
6985	9079
2095	9080
642	9081
7135	9082
6161	9083
4545	9084
5827	9085
8798	9086
9634	9087
4150	9088
5355	9089
2520	9090
7347	9091
2307	9092
9628	9093
183	9094
4214	9095
2463	9096
9568	9097
5909	9098
1775	9099
9243	9100
9828	9101
8082	9102
8609	9103
7150	9104
7800	9105
2602	9106
7376	9107
9361	9108
2074	9109
9202	9110
4951	9111
6832	9112
7412	9113
6133	9114
1750	9115
6891	9116
2167	9117
3655	9118
5979	9119
510	9120
8380	9121
5036	9122
6792	9123
5982	9124
5252	9125
5700	9126
8012	9127
837	9128
4900	9129
2796	9130
9314	9131
4962	9132
6986	9133
3990	9134
2355	9135
8881	9136
5190	9137
29	9138
8598	9139
2805	9140
517	9141
3265	9142
8900	9143
7020	9144
5308	9145
5484	9146
7452	9147
7177	9148
7524	9149
6046	9150
8891	9151
6936	9152
8753	9153
8796	9154
1807	9155
1997	9156
7666	9157
1577	9158
4471	9159
5503	9160
4615	9161
695	9162
9407	9163
5438	9164
9375	9165
1921	9166
9759	9167
3114	9168
6120	9169
8628	9170
6862	9171
8354	9172
2117	9173
3430	9174
4997	9175
5934	9176
1278	9177
7801	9178
3915	9179
7543	9180
9774	9181
6001	9182
1015	9183
3755	9184
9688	9185
7093	9186
7888	9187
363	9188
5573	9189
8268	9190
4175	9191
4598	9192
5434	9193
3048	9194
2687	9195
7910	9196
6017	9197
7926	9198
6427	9199
7718	9200
7816	9201
1124	9202
3061	9203
1782	9204
8442	9205
3293	9206
6126	9207
2664	9208
2490	9209
7061	9210
2392	9211
7216	9212
746	9213
6707	9214
5578	9215
3413	9216
6398	9217
4396	9218
7403	9219
3490	9220
7933	9221
8032	9222
8449	9223
9191	9224
3023	9225
4106	9226
3953	9227
1952	9228
119	9229
710	9230
6959	9231
883	9232
9146	9233
2572	9234
1553	9235
7116	9236
3433	9237
1159	9238
7952	9239
6377	9240
9002	9241
7721	9242
429	9243
5658	9244
3494	9245
8909	9246
1971	9247
9148	9248
9447	9249
2967	9250
7879	9251
6881	9252
4331	9253
3643	9254
1719	9255
7350	9256
671	9257
5678	9258
3685	9259
315	9260
2566	9261
4915	9262
9450	9263
7886	9264
8611	9265
5021	9266
2468	9267
3684	9268
9592	9269
8367	9270
9576	9271
543	9272
3162	9273
88	9274
9809	9275
2817	9276
9650	9277
3411	9278
3791	9279
3776	9280
4158	9281
1735	9282
2598	9283
2358	9284
7763	9285
5327	9286
2658	9287
8789	9288
2085	9289
1675	9290
5490	9291
5941	9292
1473	9293
1651	9294
760	9295
7638	9296
3008	9297
7546	9298
7160	9299
5160	9300
6918	9301
8065	9302
6351	9303
2291	9304
7802	9305
4508	9306
1531	9307
340	9308
7948	9309
5954	9310
8197	9311
470	9312
4012	9313
1226	9314
6115	9315
1120	9316
8235	9317
465	9318
2420	9319
2056	9320
5447	9321
434	9322
3957	9323
4730	9324
570	9325
2600	9326
7583	9327
5336	9328
4928	9329
2642	9330
8837	9331
5760	9332
6760	9333
605	9334
7221	9335
138	9336
3474	9337
3607	9338
2469	9339
222	9340
6777	9341
4007	9342
6352	9343
4612	9344
3998	9345
941	9346
4194	9347
8384	9348
6873	9349
1420	9350
2902	9351
7628	9352
2361	9353
8655	9354
6947	9355
9760	9356
6260	9357
1273	9358
290	9359
631	9360
5615	9361
388	9362
4975	9363
6060	9364
3027	9365
243	9366
5768	9367
7569	9368
40	9369
6781	9370
7388	9371
7363	9372
7890	9373
2842	9374
9746	9375
6882	9376
9421	9377
8784	9378
145	9379
5880	9380
2447	9381
2586	9382
4863	9383
9761	9384
403	9385
3065	9386
9120	9387
564	9388
8853	9389
976	9390
8478	9391
2071	9392
4831	9393
2877	9394
4122	9395
1526	9396
1267	9397
778	9398
5974	9399
8193	9400
72	9401
3299	9402
1839	9403
8640	9404
5123	9405
1715	9406
4811	9407
7242	9408
4289	9409
3025	9410
9581	9411
9663	9412
5130	9413
3761	9414
2575	9415
2422	9416
5818	9417
5683	9418
6949	9419
8667	9420
7055	9421
8829	9422
6	9423
8391	9424
3723	9425
4372	9426
5244	9427
7309	9428
2985	9429
600	9430
1296	9431
4132	9432
137	9433
86	9434
870	9435
6463	9436
8282	9437
6496	9438
5486	9439
7903	9440
8	9441
9274	9442
8883	9443
8751	9444
2431	9445
3370	9446
3294	9447
814	9448
1871	9449
9480	9450
4991	9451
6565	9452
7416	9453
6607	9454
329	9455
2589	9456
4879	9457
71	9458
7231	9459
8100	9460
1212	9461
5046	9462
7529	9463
5042	9464
3125	9465
1950	9466
67	9467
2494	9468
8178	9469
6698	9470
9070	9471
4119	9472
5718	9473
1604	9474
4894	9475
4056	9476
9059	9477
6196	9478
3137	9479
8157	9480
4438	9481
99	9482
7540	9483
6395	9484
5966	9485
5781	9486
8636	9487
6371	9488
7842	9489
2647	9490
2661	9491
803	9492
4244	9493
6867	9494
2577	9495
5929	9496
2373	9497
2769	9498
5429	9499
4010	9500
6962	9501
8812	9502
7362	9503
5161	9504
9574	9505
5847	9506
1262	9507
7959	9508
4097	9509
4869	9510
1621	9511
6112	9512
3055	9513
5686	9514
2808	9515
4043	9516
4203	9517
3543	9518
7251	9519
1563	9520
5471	9521
3109	9522
1957	9523
6900	9524
8101	9525
6182	9526
8877	9527
679	9528
2414	9529
2700	9530
681	9531
493	9532
6547	9533
4506	9534
5416	9535
7296	9536
668	9537
9388	9538
6061	9539
8777	9540
7586	9541
2497	9542
8429	9543
7939	9544
5279	9545
3572	9546
7411	9547
8573	9548
6662	9549
6279	9550
9600	9551
6149	9552
5886	9553
8902	9554
3472	9555
1494	9556
7928	9557
2528	9558
8416	9559
305	9560
2336	9561
641	9562
8843	9563
7075	9564
9535	9565
5504	9566
8532	9567
3520	9568
581	9569
1691	9570
792	9571
9253	9572
3691	9573
104	9574
2554	9575
5196	9576
2140	9577
4088	9578
2845	9579
3609	9580
5300	9581
485	9582
5536	9583
260	9584
288	9585
1118	9586
49	9587
7931	9588
5981	9589
72	9590
3256	9591
3338	9592
3924	9593
6448	9594
5784	9595
932	9596
4969	9597
1887	9598
350	9599
6855	9600
844	9601
4304	9602
1471	9603
3302	9604
4629	9605
5214	9606
6600	9607
3597	9608
133	9609
411	9610
571	9611
3100	9612
3698	9613
7108	9614
8031	9615
2395	9616
3091	9617
1325	9618
130	9619
6938	9620
5412	9621
4741	9622
763	9623
9217	9624
6414	9625
6257	9626
2530	9627
3324	9628
5051	9629
96	9630
9734	9631
6783	9632
5423	9633
2651	9634
1811	9635
1023	9636
9618	9637
5341	9638
1458	9639
1513	9640
6466	9641
5744	9642
7815	9643
1304	9644
9775	9645
8309	9646
8476	9647
1349	9648
6738	9649
4964	9650
9111	9651
6999	9652
9260	9653
3094	9654
6572	9655
9711	9656
6318	9657
4453	9658
4565	9659
9356	9660
7654	9661
4854	9662
719	9663
4319	9664
119	9665
1519	9666
2399	9667
7169	9668
4877	9669
4047	9670
5634	9671
1283	9672
2401	9673
8050	9674
171	9675
1307	9676
2329	9677
2867	9678
7301	9679
1274	9680
550	9681
5193	9682
66	9683
1655	9684
7338	9685
6455	9686
5757	9687
9126	9688
5529	9689
8857	9690
2400	9691
1808	9692
1228	9693
6303	9694
2835	9695
1211	9696
6491	9697
95	9698
2042	9699
440	9700
8944	9701
5985	9702
5381	9703
9418	9704
3590	9705
5470	9706
1188	9707
1344	9708
5151	9709
7548	9710
4552	9711
3941	9712
5913	9713
7294	9714
4697	9715
5400	9716
4788	9717
1665	9718
1394	9719
391	9720
2844	9721
7308	9722
5656	9723
4072	9724
980	9725
1799	9726
3376	9727
2258	9728
1017	9729
1901	9730
420	9731
8721	9732
2904	9733
5636	9734
8690	9735
433	9736
1865	9737
3345	9738
8593	9739
8296	9740
1914	9741
9472	9742
2915	9743
5372	9744
6264	9745
7456	9746
7909	9747
5114	9748
584	9749
3136	9750
9555	9751
6278	9752
7714	9753
6304	9754
9850	9755
8270	9756
2321	9757
6928	9758
7690	9759
4616	9760
886	9761
4424	9762
5855	9763
125	9764
8227	9765
1898	9766
750	9767
9607	9768
4859	9769
5585	9770
5698	9771
2510	9772
8198	9773
362	9774
3115	9775
3976	9776
2672	9777
8755	9778
1383	9779
1954	9780
3058	9781
4935	9782
23	9783
4205	9784
3856	9785
3076	9786
6515	9787
1801	9788
8730	9789
1355	9790
7445	9791
8358	9792
7591	9793
8771	9794
9263	9795
1682	9796
678	9797
4249	9798
382	9799
723	9800
8497	9801
3731	9802
2834	9803
1679	9804
7153	9805
1832	9806
781	9807
516	9808
5087	9809
916	9810
414	9811
5317	9812
3783	9813
1928	9814
2481	9815
648	9816
9602	9817
9505	9818
3479	9819
9543	9820
5451	9821
5681	9822
9009	9823
3816	9824
2362	9825
9023	9826
3416	9827
6945	9828
5221	9829
8297	9830
9369	9831
5067	9832
1778	9833
1426	9834
2088	9835
8495	9836
2049	9837
6059	9838
190	9839
1956	9840
341	9841
9702	9842
3322	9843
8142	9844
2280	9845
1107	9846
4551	9847
3952	9848
454	9849
5254	9850
6550	9851
5500	9852
7050	9853
2626	9854
9660	9855
2189	9856
1035	9857
873	9858
8659	9859
8717	9860
300	9861
3648	9862
6616	9863
2726	9864
8790	9865
4022	9866
938	9867
2432	9868
6696	9869
1585	9870
7581	9871
6462	9872
5281	9873
4893	9874
9420	9875
8657	9876
7023	9877
7855	9878
2245	9879
6036	9880
5605	9881
6020	9882
7470	9883
9182	9884
7551	9885
7198	9886
3267	9887
4223	9888
2156	9889
6670	9890
914	9891
6912	9892
3104	9893
271	9894
5261	9895
8683	9896
5206	9897
3127	9898
7323	9899
1200	9900
2913	9901
5433	9902
5747	9903
7921	9904
13	9905
7848	9906
8371	9907
3946	9908
6134	9909
4282	9910
8995	9911
2375	9912
4685	9913
7200	9914
9827	9915
632	9916
1516	9917
90	9918
8886	9919
2149	9920
8464	9921
2408	9922
4603	9923
4358	9924
105	9925
1569	9926
2929	9927
4963	9928
9183	9929
8759	9930
4523	9931
3077	9932
2018	9933
8644	9934
2263	9935
2855	9936
2619	9937
6684	9938
4284	9939
1632	9940
5823	9941
9089	9942
2750	9943
5665	9944
19	9945
3288	9946
6682	9947
2524	9948
3485	9949
5984	9950
8666	9951
8115	9952
7686	9953
2748	9954
8169	9955
3518	9956
6078	9957
2830	9958
2622	9959
6966	9960
3439	9961
5804	9962
6671	9963
6545	9964
3238	9965
2423	9966
1078	9967
8423	9968
9027	9969
6716	9970
8749	9971
6536	9972
3056	9973
1634	9974
7716	9975
3128	9976
7241	9977
7404	9978
111	9979
900	9980
3800	9981
5038	9982
5450	9983
1895	9984
8200	9985
453	9986
9142	9987
5831	9988
2766	9989
5785	9990
7553	9991
1767	9992
2341	9993
6354	9994
9748	9995
4293	9996
6122	9997
880	9998
1334	9999
1222	10000
