7231	1
6134	2
1229	3
6994	4
2976	5
3266	6
7495	7
4736	8
5743	9
697	10
4237	11
7404	12
1553	13
8188	14
4691	15
1372	16
465	17
6782	18
881	19
4748	20
4706	21
2347	22
1913	23
3328	24
7853	25
765	26
853	27
336	28
6167	29
386	30
3714	31
5490	32
2163	33
9363	34
4256	35
2944	36
6940	37
647	38
850	39
7375	40
3931	41
4524	42
4902	43
1500	44
7694	45
8082	46
8091	47
1877	48
3252	49
8398	50
8508	51
9112	52
7990	53
5110	54
884	55
4002	56
26	57
7576	58
266	59
8761	60
2707	61
1752	62
3227	63
6232	64
8190	65
2484	66
9767	67
2877	68
1365	69
2192	70
6280	71
1310	72
7263	73
4880	74
2236	75
8575	76
2539	77
1894	78
8692	79
3149	80
3452	81
258	82
8712	83
154	84
5303	85
8342	86
9614	87
1407	88
9273	89
4458	90
2654	91
3902	92
5389	93
5325	94
2888	95
3674	96
9444	97
9670	98
768	99
6474	100
2499	101
7024	102
8617	103
7567	104
1514	105
1938	106
2566	107
537	108
3462	109
6315	110
1668	111
1513	112
3675	113
9103	114
5449	115
122	116
9683	117
2995	118
1572	119
4480	120
2748	121
3494	122
6641	123
8055	124
310	125
3357	126
9626	127
2951	128
8564	129
229	130
644	131
8461	132
321	133
2454	134
2899	135
2964	136
7709	137
6602	138
9410	139
5927	140
1547	141
8129	142
4964	143
54	144
7507	145
6541	146
6377	147
8554	148
1844	149
3600	150
9542	151
7472	152
7469	153
6224	154
7890	155
4752	156
2569	157
7025	158
9773	159
1254	160
2447	161
1134	162
9036	163
125	164
8494	165
7492	166
826	167
7327	168
1221	169
8628	170
6034	171
7512	172
6177	173
2716	174
8344	175
769	176
1579	177
246	178
7122	179
7322	180
5412	181
6744	182
3811	183
6435	184
3842	185
4066	186
4878	187
4534	188
9571	189
2501	190
1328	191
2544	192
7944	193
4579	194
60	195
4093	196
3632	197
482	198
7617	199
4541	200
563	201
5524	202
9704	203
8770	204
6404	205
3326	206
37	207
3460	208
2891	209
539	210
3611	211
1378	212
4095	213
86	214
594	215
5226	216
1450	217
1490	218
9258	219
6719	220
5660	221
5610	222
59	223
6159	224
1111	225
4008	226
9658	227
5271	228
4760	229
5994	230
5673	231
63	232
173	233
8489	234
6832	235
3061	236
3313	237
7186	238
6504	239
3354	240
7397	241
461	242
5521	243
559	244
7069	245
5535	246
6194	247
2132	248
5504	249
3192	250
3746	251
5048	252
8760	253
1231	254
813	255
2638	256
4380	257
5780	258
6371	259
9035	260
2386	261
7767	262
347	263
4111	264
938	265
5991	266
5202	267
260	268
1615	269
4571	270
7130	271
2279	272
2861	273
112	274
6302	275
3348	276
5890	277
6972	278
5998	279
4935	280
4209	281
5352	282
55	283
1985	284
4462	285
3843	286
4430	287
9661	288
8158	289
632	290
1355	291
2043	292
6423	293
9002	294
2725	295
808	296
6860	297
9693	298
5136	299
6691	300
9634	301
3962	302
3750	303
5363	304
511	305
8547	306
5343	307
2642	308
9269	309
9519	310
6145	311
1859	312
1643	313
6564	314
8341	315
8412	316
216	317
2336	318
3602	319
7998	320
5528	321
3337	322
2901	323
5121	324
9416	325
4034	326
8989	327
2997	328
5373	329
6812	330
9184	331
5334	332
3146	333
6579	334
6231	335
8040	336
2134	337
8267	338
6277	339
418	340
491	341
9724	342
1330	343
6584	344
1754	345
1903	346
6223	347
6465	348
4280	349
2063	350
9150	351
6380	352
1746	353
2229	354
9675	355
1247	356
1632	357
3226	358
8908	359
23	360
6053	361
2607	362
3269	363
5098	364
2663	365
420	366
456	367
3083	368
9468	369
3367	370
1749	371
4559	372
800	373
8271	374
5936	375
7724	376
8004	377
9443	378
252	379
9182	380
8021	381
9214	382
1897	383
533	384
7164	385
1932	386
9759	387
7525	388
1630	389
814	390
5738	391
1212	392
3127	393
7859	394
5629	395
7051	396
2806	397
8493	398
947	399
7058	400
4994	401
2260	402
9314	403
1872	404
7443	405
6376	406
8737	407
4157	408
5989	409
3648	410
9086	411
1880	412
2277	413
1461	414
1670	415
2920	416
5383	417
9575	418
4587	419
9424	420
5913	421
5125	422
3568	423
4341	424
4824	425
773	426
4365	427
8056	428
6895	429
3206	430
2810	431
8613	432
4914	433
992	434
2094	435
4191	436
3628	437
807	438
6813	439
7656	440
4026	441
5069	442
462	443
1284	444
1935	445
1948	446
5167	447
8316	448
8961	449
505	450
8872	451
9849	452
4242	453
601	454
1326	455
3286	456
3154	457
7651	458
463	459
2122	460
4768	461
6211	462
5736	463
4268	464
4187	465
7490	466
7195	467
9593	468
552	469
97	470
5023	471
5072	472
4553	473
9597	474
904	475
1102	476
5732	477
4670	478
9105	479
7303	480
5777	481
3074	482
8626	483
8193	484
6408	485
9635	486
4304	487
712	488
5219	489
2807	490
658	491
1148	492
7230	493
5624	494
5529	495
2312	496
27	497
5769	498
7760	499
2762	500
2323	501
1554	502
656	503
2887	504
1061	505
9763	506
2145	507
474	508
9487	509
3203	510
729	511
5037	512
596	513
6611	514
2408	515
2774	516
4039	517
2555	518
554	519
2847	520
842	521
8851	522
9294	523
8356	524
7775	525
4069	526
8803	527
4200	528
2099	529
8479	530
7569	531
6308	532
8750	533
4216	534
1959	535
5973	536
7415	537
3426	538
1058	539
9320	540
4594	541
6597	542
1885	543
5214	544
8950	545
2991	546
1951	547
4132	548
8263	549
5637	550
8387	551
8614	552
752	553
8840	554
6060	555
1708	556
8331	557
4110	558
4904	559
124	560
567	561
4058	562
62	563
2458	564
225	565
9775	566
2225	567
8624	568
319	569
2307	570
1115	571
7714	572
3913	573
3557	574
4333	575
6191	576
7554	577
4119	578
5375	579
4028	580
1182	581
7204	582
8968	583
2421	584
4561	585
7023	586
1236	587
9729	588
1509	589
9193	590
5159	591
4757	592
82	593
2583	594
9578	595
8162	596
1656	597
8419	598
8192	599
5553	600
5084	601
8052	602
1381	603
2467	604
1580	605
2038	606
2952	607
3773	608
9029	609
4952	610
7092	611
9198	612
3509	613
8284	614
6663	615
726	616
8616	617
8779	618
8016	619
1888	620
5295	621
1873	622
9555	623
1871	624
485	625
1620	626
8880	627
3916	628
4375	629
2930	630
5062	631
3427	632
7361	633
5831	634
1998	635
8262	636
2781	637
6873	638
4529	639
9514	640
7689	641
6850	642
4678	643
5261	644
3499	645
5033	646
186	647
2894	648
3547	649
2564	650
861	651
6968	652
6667	653
2933	654
7169	655
5055	656
1462	657
5669	658
9376	659
835	660
8485	661
3847	662
8290	663
5532	664
8550	665
9183	666
149	667
1206	668
8527	669
6066	670
7780	671
7276	672
8293	673
8221	674
5902	675
1556	676
8294	677
8066	678
8298	679
4632	680
968	681
9071	682
9706	683
8145	684
5568	685
2205	686
8832	687
7706	688
8426	689
7795	690
5696	691
2383	692
597	693
8793	694
3966	695
9405	696
9297	697
845	698
3816	699
4437	700
8214	701
3098	702
2308	703
6505	704
3487	705
8483	706
5573	707
2243	708
15	709
2414	710
5621	711
997	712
1015	713
7279	714
2665	715
4554	716
8103	717
776	718
7705	719
1911	720
3218	721
6995	722
5506	723
1983	724
1963	725
4704	726
6717	727
6195	728
7345	729
8930	730
7082	731
120	732
9509	733
3155	734
1426	735
7239	736
9786	737
5288	738
8411	739
7864	740
5081	741
2016	742
8189	743
92	744
7478	745
3615	746
3901	747
2820	748
3777	749
2095	750
9717	751
4320	752
5418	753
8009	754
9390	755
4759	756
9373	757
3199	758
5997	759
63	760
5976	761
4273	762
2432	763
9322	764
5242	765
7887	766
8901	767
9091	768
4284	769
1396	770
7283	771
5689	772
2535	773
8812	774
6234	775
8598	776
4699	777
1114	778
417	779
8099	780
9317	781
9010	782
9074	783
8467	784
22	785
8684	786
9742	787
1622	788
5499	789
1384	790
3287	791
5918	792
2787	793
119	794
5603	795
3821	796
4558	797
748	798
4725	799
4595	800
2800	801
575	802
1629	803
176	804
4735	805
7211	806
7071	807
2553	808
6461	809
2502	810
5779	811
1458	812
4847	813
3253	814
595	815
7818	816
8432	817
4809	818
1879	819
8845	820
2114	821
110	822
4438	823
5711	824
1899	825
9536	826
3472	827
3844	828
7158	829
7476	830
2394	831
6689	832
2655	833
5347	834
9158	835
4168	836
2133	837
5161	838
3076	839
4548	840
1103	841
3175	842
3222	843
6171	844
2419	845
4834	846
6137	847
8274	848
5881	849
1573	850
6528	851
8985	852
4294	853
42	854
1508	855
8980	856
8780	857
7574	858
3734	859
7365	860
5109	861
2151	862
5598	863
368	864
3552	865
1088	866
6715	867
4921	868
7399	869
4171	870
2178	871
3236	872
4068	873
8332	874
1019	875
3053	876
4140	877
3704	878
2190	879
1071	880
6664	881
1817	882
2948	883
277	884
6571	885
134	886
6350	887
9148	888
9531	889
9062	890
6065	891
8631	892
2791	893
6292	894
8376	895
6999	896
4569	897
9190	898
3907	899
2144	900
9504	901
1991	902
1179	903
5399	904
7697	905
6816	906
2826	907
5760	908
2766	909
8184	910
6501	911
9629	912
5968	913
1731	914
499	915
646	916
3133	917
7479	918
2691	919
9305	920
7451	921
4763	922
8094	923
6300	924
5353	925
9096	926
3603	927
6132	928
9018	929
2062	930
1954	931
4210	932
5774	933
2641	934
8960	935
8521	936
5813	937
93	938
1453	939
928	940
616	941
9590	942
2660	943
1497	944
948	945
8015	946
4388	947
2318	948
4517	949
5967	950
5744	951
9800	952
9347	953
3	954
8153	955
756	956
7984	957
1522	958
8716	959
3559	960
2896	961
735	962
1996	963
979	964
289	965
4051	966
6490	967
2793	968
4344	969
4636	970
1484	971
4114	972
6730	973
3169	974
725	975
887	976
7391	977
7931	978
3343	979
2407	980
1734	981
9119	982
6032	983
5799	984
3334	985
7219	986
4596	987
2039	988
7314	989
9003	990
7896	991
4435	992
6229	993
736	994
4755	995
7973	996
6538	997
5221	998
4330	999
113	1000
4511	1001
8914	1002
8005	1003
5266	1004
7267	1005
530	1006
9312	1007
4406	1008
4050	1009
4840	1010
17	1011
6539	1012
2696	1013
3297	1014
5496	1015
26	1016
4951	1017
4539	1018
6001	1019
5426	1020
1702	1021
1219	1022
4179	1023
9559	1024
8732	1025
3785	1026
66	1027
6988	1028
744	1029
4185	1030
5659	1031
8657	1032
6468	1033
4675	1034
8425	1035
9199	1036
3640	1037
5246	1038
2361	1039
9142	1040
5882	1041
1110	1042
4497	1043
898	1044
2495	1045
375	1046
1093	1047
7094	1048
3409	1049
5036	1050
9285	1051
6329	1052
6660	1053
1301	1054
5024	1055
7342	1056
6745	1057
4750	1058
5955	1059
9361	1060
7304	1061
818	1062
2107	1063
3190	1064
9592	1065
4810	1066
1274	1067
5953	1068
7312	1069
4948	1070
8978	1071
1539	1072
593	1073
4190	1074
4821	1075
3305	1076
5781	1077
9083	1078
6110	1079
1567	1080
8981	1081
5113	1082
8239	1083
6142	1084
3384	1085
3119	1086
4680	1087
3129	1088
4775	1089
2105	1090
2082	1091
8771	1092
5162	1093
9	1094
1216	1095
1697	1096
6547	1097
4728	1098
1118	1099
3468	1100
96	1101
5103	1102
3558	1103
8327	1104
6485	1105
9828	1106
1945	1107
6614	1108
5491	1109
7970	1110
133	1111
4475	1112
3429	1113
7800	1114
415	1115
1729	1116
274	1117
8976	1118
2563	1119
9553	1120
5481	1121
7215	1122
6369	1123
8231	1124
1086	1125
1113	1126
3647	1127
3125	1128
2755	1129
8140	1130
3474	1131
7598	1132
3433	1133
3233	1134
8127	1135
1465	1136
627	1137
4614	1138
4482	1139
2914	1140
83	1141
641	1142
4523	1143
206	1144
4197	1145
6179	1146
9027	1147
2175	1148
8191	1149
7615	1150
8401	1151
4807	1152
8486	1153
3428	1154
6841	1155
1272	1156
207	1157
4908	1158
6412	1159
6558	1160
3699	1161
5930	1162
3912	1163
5054	1164
6169	1165
6654	1166
2433	1167
7549	1168
8800	1169
2825	1170
1812	1171
1404	1172
4184	1173
8438	1174
1471	1175
1297	1176
413	1177
1418	1178
8710	1179
9656	1180
5018	1181
248	1182
6559	1183
5462	1184
7300	1185
8233	1186
3467	1187
747	1188
2289	1189
3241	1190
3721	1191
5122	1192
9212	1193
8608	1194
2717	1195
2061	1196
9541	1197
1837	1198
6449	1199
6061	1200
8390	1201
2239	1202
2697	1203
4378	1204
1000	1205
7650	1206
7520	1207
794	1208
1234	1209
8940	1210
6203	1211
8393	1212
164	1213
5296	1214
1933	1215
8921	1216
8634	1217
914	1218
2568	1219
7456	1220
793	1221
1689	1222
6301	1223
6182	1224
556	1225
2554	1226
9770	1227
307	1228
2424	1229
9251	1230
7534	1231
3567	1232
3078	1233
1034	1234
2957	1235
717	1236
4083	1237
8309	1238
1537	1239
7040	1240
3983	1241
2092	1242
8540	1243
7319	1244
2546	1245
4271	1246
3091	1247
1971	1248
6785	1249
8907	1250
8561	1251
7849	1252
6950	1253
5279	1254
5460	1255
3880	1256
1685	1257
896	1258
28	1259
5862	1260
7293	1261
8559	1262
7108	1263
9271	1264
9208	1265
8243	1266
6055	1267
5155	1268
3735	1269
5832	1270
582	1271
36	1272
8147	1273
163	1274
4422	1275
4577	1276
7295	1277
7274	1278
5609	1279
9360	1280
3341	1281
432	1282
116	1283
9547	1284
8039	1285
6281	1286
5126	1287
2000	1288
8704	1289
8973	1290
8917	1291
7685	1292
6742	1293
1233	1294
9128	1295
4492	1296
4369	1297
4118	1298
8372	1299
9095	1300
8430	1301
5859	1302
9588	1303
9419	1304
8156	1305
8711	1306
4714	1307
5196	1308
6334	1309
2326	1310
4514	1311
9582	1312
315	1313
8031	1314
2675	1315
3234	1316
7138	1317
6509	1318
1523	1319
6085	1320
6835	1321
686	1322
838	1323
8464	1324
3156	1325
2055	1326
6894	1327
3747	1328
2337	1329
7454	1330
495	1331
2649	1332
654	1333
7233	1334
8017	1335
8934	1336
2443	1337
343	1338
3006	1339
8966	1340
2842	1341
7494	1342
4402	1343
2247	1344
6879	1345
5560	1346
4711	1347
9500	1348
3128	1349
7881	1350
6907	1351
8334	1352
2700	1353
9574	1354
129	1355
8380	1356
5654	1357
9470	1358
534	1359
4694	1360
4671	1361
2164	1362
4059	1363
5735	1364
1190	1365
3840	1366
2380	1367
802	1368
2376	1369
8365	1370
2066	1371
2644	1372
7526	1373
3730	1374
9146	1375
2637	1376
3228	1377
9457	1378
52	1379
7551	1380
1082	1381
2093	1382
8096	1383
294	1384
5590	1385
8999	1386
5509	1387
3787	1388
1436	1389
9472	1390
3430	1391
4105	1392
1133	1393
8858	1394
5511	1395
4144	1396
5565	1397
2232	1398
4719	1399
423	1400
2147	1401
8902	1402
202	1403
5417	1404
650	1405
7610	1406
3933	1407
7695	1408
3464	1409
6604	1410
93	1411
2577	1412
2257	1413
9185	1414
2321	1415
6405	1416
4940	1417
872	1418
2128	1419
6889	1420
6204	1421
8698	1422
767	1423
4917	1424
2946	1425
4802	1426
2049	1427
6953	1428
2139	1429
7201	1430
5443	1431
6508	1432
1969	1433
2161	1434
7987	1435
2479	1436
8915	1437
5999	1438
1901	1439
25	1440
1884	1441
5753	1442
1695	1443
9205	1444
4665	1445
7947	1446
3372	1447
7253	1448
4842	1449
3081	1450
4767	1451
6098	1452
304	1453
5516	1454
9237	1455
7214	1456
6222	1457
3310	1458
2503	1459
960	1460
8609	1461
1185	1462
3996	1463
2776	1464
7340	1465
9795	1466
6620	1467
7824	1468
4038	1469
2341	1470
7373	1471
3270	1472
2388	1473
3115	1474
2571	1475
1763	1476
3677	1477
905	1478
6540	1479
1084	1480
3498	1481
8373	1482
2757	1483
8001	1484
6313	1485
1107	1486
7661	1487
536	1488
8433	1489
3194	1490
6373	1491
5374	1492
9552	1493
7681	1494
4857	1495
6517	1496
2385	1497
2650	1498
3775	1499
71	1500
1415	1501
8805	1502
8251	1503
7550	1504
4232	1505
3935	1506
2876	1507
5006	1508
5478	1509
9440	1510
5012	1511
8969	1512
3058	1513
6857	1514
254	1515
1511	1516
7246	1517
7829	1518
5982	1519
7101	1520
5607	1521
7466	1522
6938	1523
5454	1524
18	1525
4733	1526
5364	1527
5754	1528
5270	1529
7783	1530
7163	1531
8228	1532
7702	1533
2310	1534
7416	1535
6532	1536
4783	1537
4916	1538
174	1539
6254	1540
392	1541
3839	1542
9156	1543
1870	1544
2141	1545
3060	1546
5700	1547
907	1548
7669	1549
7607	1550
7877	1551
2652	1552
1220	1553
8295	1554
2720	1555
9483	1556
4530	1557
5243	1558
2601	1559
1593	1560
8345	1561
5554	1562
5129	1563
6076	1564
76	1565
1029	1566
9415	1567
91	1568
796	1569
4440	1570
5228	1571
195	1572
7320	1573
3264	1574
5080	1575
1970	1576
1900	1577
4734	1578
3671	1579
6897	1580
2737	1581
1408	1582
5013	1583
7803	1584
4739	1585
3795	1586
1394	1587
8306	1588
9129	1589
2176	1590
2045	1591
9425	1592
1797	1593
8581	1594
197	1595
9259	1596
3205	1597
3481	1598
354	1599
2772	1600
4731	1601
4642	1602
7951	1603
6862	1604
4046	1605
227	1606
2324	1607
41	1608
2218	1609
5047	1610
8257	1611
2456	1612
3651	1613
8395	1614
109	1615
7374	1616
9464	1617
9471	1618
9723	1619
2211	1620
6441	1621
8602	1622
2795	1623
235	1624
5044	1625
6091	1626
6761	1627
1032	1628
263	1629
7827	1630
1559	1631
4871	1632
5625	1633
4357	1634
9055	1635
7247	1636
5531	1637
1348	1638
5476	1639
2412	1640
7980	1641
3476	1642
3653	1643
6352	1644
56	1645
5665	1646
7010	1647
3421	1648
8694	1649
8948	1650
2653	1651
73	1652
6534	1653
8765	1654
5962	1655
7913	1656
9023	1657
2106	1658
7772	1659
7608	1660
6802	1661
2168	1662
5324	1663
2640	1664
1235	1665
4315	1666
8042	1667
4920	1668
5947	1669
7866	1670
3260	1671
7126	1672
3459	1673
9844	1674
7077	1675
6139	1676
7659	1677
1277	1678
5051	1679
6946	1680
2693	1681
4166	1682
5200	1683
840	1684
5029	1685
8038	1686
3587	1687
409	1688
5887	1689
4692	1690
7242	1691
3984	1692
1152	1693
1120	1694
7140	1695
940	1696
6401	1697
8979	1698
728	1699
9101	1700
8063	1701
473	1702
2815	1703
2001	1704
841	1705
7086	1706
4449	1707
6513	1708
1434	1709
9837	1710
1250	1711
6324	1712
3853	1713
699	1714
4903	1715
664	1716
9069	1717
6963	1718
6044	1719
1610	1720
8643	1721
2284	1722
7317	1723
6775	1724
1099	1725
4065	1726
7802	1727
6038	1728
9719	1729
7392	1730
858	1731
2753	1732
18	1733
6827	1734
1014	1735
1064	1736
8825	1737
2014	1738
2462	1739
7360	1740
5897	1741
3594	1742
1766	1743
5280	1744
7606	1745
1289	1746
4787	1747
2504	1748
587	1749
8163	1750
1339	1751
7296	1752
6577	1753
1466	1754
8990	1755
3273	1756
3713	1757
9510	1758
6108	1759
1540	1760
6755	1761
9791	1762
1700	1763
4292	1764
4293	1765
560	1766
8744	1767
3818	1768
9842	1769
2648	1770
5	1771
1126	1772
1845	1773
4072	1774
1059	1775
5372	1776
2954	1777
2630	1778
6849	1779
5495	1780
1665	1781
6768	1782
377	1783
9067	1784
2817	1785
4939	1786
548	1787
3527	1788
524	1789
95	1790
3417	1791
8378	1792
993	1793
7962	1794
4175	1795
3261	1796
3582	1797
7022	1798
1090	1799
9358	1800
1266	1801
8931	1802
5467	1803
7468	1804
9701	1805
7546	1806
959	1807
4154	1808
8459	1809
7673	1810
4491	1811
208	1812
8106	1813
4361	1814
2552	1815
6287	1816
4122	1817
3198	1818
7467	1819
4634	1820
6817	1821
251	1822
2730	1823
8119	1824
610	1825
7095	1826
4795	1827
6160	1828
89	1829
4646	1830
6623	1831
1163	1832
2833	1833
7439	1834
8394	1835
5220	1836
4428	1837
8520	1838
3645	1839
4827	1840
2203	1841
7368	1842
2882	1843
1644	1844
7565	1845
7730	1846
1278	1847
22	1848
4161	1849
55	1850
4602	1851
5867	1852
1861	1853
2389	1854
7810	1855
148	1856
477	1857
3903	1858
9699	1859
1924	1860
7821	1861
3900	1862
1833	1863
5601	1864
942	1865
3812	1866
5284	1867
895	1868
4016	1869
2489	1870
8526	1871
1625	1872
998	1873
4901	1874
5915	1875
8543	1876
8790	1877
579	1878
4519	1879
8374	1880
6036	1881
9090	1882
1961	1883
3406	1884
2647	1885
7316	1886
137	1887
1694	1888
7552	1889
9639	1890
5459	1891
1150	1892
422	1893
3629	1894
1532	1895
1784	1896
4152	1897
5606	1898
6039	1899
4682	1900
691	1901
1366	1902
5140	1903
5508	1904
954	1905
602	1906
3213	1907
9118	1908
7199	1909
4989	1910
6351	1911
7836	1912
1895	1913
1147	1914
1158	1915
3680	1916
441	1917
8735	1918
4504	1919
402	1920
444	1921
1636	1922
7974	1923
142	1924
8227	1925
4452	1926
6786	1927
2409	1928
5101	1929
991	1930
6467	1931
4527	1932
3311	1933
698	1934
5388	1935
7899	1936
6414	1937
2065	1938
1827	1939
6424	1940
6080	1941
3414	1942
6113	1943
8282	1944
4696	1945
580	1946
1979	1947
6248	1948
7087	1949
2635	1950
3522	1951
1359	1952
3071	1953
3331	1954
1353	1955
8080	1956
4062	1957
1703	1958
1739	1959
1649	1960
6576	1961
6104	1962
4927	1963
8676	1964
7894	1965
8916	1966
7562	1967
8207	1968
6779	1969
4089	1970
8884	1971
1719	1972
4543	1973
2872	1974
1714	1975
7200	1976
6921	1977
1868	1978
5404	1979
7205	1980
4401	1981
9164	1982
6738	1983
8333	1984
6426	1985
5065	1986
3610	1987
3964	1988
5009	1989
7758	1990
2288	1991
8633	1992
240	1993
3982	1994
3976	1995
2646	1996
8959	1997
7851	1998
4337	1999
82	2000
1315	2001
3302	2002
7364	2003
7921	2004
1106	2005
1479	2006
7624	2007
4556	2008
7137	2009
4947	2010
7964	2011
1006	2012
3245	2013
4946	2014
2917	2015
2	2016
7335	2017
4081	2018
5227	2019
7693	2020
546	2021
1161	2022
5365	2023
7489	2024
358	2025
8067	2026
6488	2027
2541	2028
9011	2029
1666	2030
1119	2031
9092	2032
5951	2033
2602	2034
8502	2035
6272	2036
167	2037
9438	2038
8807	2039
2379	2040
8962	2041
3676	2042
2390	2043
1425	2044
4113	2045
5035	2046
9001	2047
9319	2048
6714	2049
7591	2050
9436	2051
1302	2052
7559	2053
2513	2054
3863	2055
879	2056
8471	2057
116	2058
5252	2059
6146	2060
1916	2061
9147	2062
3130	2063
5318	2064
7682	2065
5380	2066
2019	2067
2668	2068
4610	2069
5878	2070
8514	2071
9523	2072
4487	2073
9462	2074
2025	2075
3043	2076
5725	2077
6893	2078
2002	2079
6049	2080
956	2081
2788	2082
4658	2083
6010	2084
3351	2085
4656	2086
9262	2087
5581	2088
2121	2089
2850	2090
1699	2091
7409	2092
4321	2093
56	2094
4453	2095
2771	2096
8709	2097
7414	2098
1892	2099
7225	2100
9341	2101
6013	2102
1085	2103
6965	2104
158	2105
3439	2106
7856	2107
6135	2108
5075	2109
5914	2110
9165	2111
9530	2112
2905	2113
7646	2114
6794	2115
9328	2116
9222	2117
5634	2118
9335	2119
9155	2120
7419	2121
2167	2122
8751	2123
4560	2124
9403	2125
264	2126
2862	2127
5627	2128
9491	2129
156	2130
3799	2131
5076	2132
6183	2133
1658	2134
8104	2135
3813	2136
1361	2137
3248	2138
4096	2139
2086	2140
6723	2141
2936	2142
2785	2143
7515	2144
3988	2145
1017	2146
9846	2147
1619	2148
7120	2149
1443	2150
7766	2151
8128	2152
7522	2153
9562	2154
8958	2155
8583	2156
7055	2157
7393	2158
4886	2159
9206	2160
232	2161
6027	2162
1184	2163
2516	2164
7005	2165
5153	2166
1056	2167
9397	2168
3505	2169
1042	2170
3580	2171
3390	2172
1921	2173
9794	2174
7015	2175
2159	2176
6625	2177
5370	2178
488	2179
703	2180
1816	2181
7302	2182
8529	2183
7825	2184
5571	2185
867	2186
2621	2187
1325	2188
3015	2189
1617	2190
1855	2191
2701	2192
8833	2193
2235	2194
1711	2195
8336	2196
51	2197
3917	2198
4887	2199
3171	2200
3092	2201
8383	2202
3027	2203
2110	2204
7540	2205
5710	2206
5545	2207
5649	2208
6	2209
9323	2210
3230	2211
6056	2212
1112	2213
759	2214
8321	2215
3822	2216
6330	2217
4502	2218
4248	2219
8974	2220
3376	2221
8155	2222
2	2223
6846	2224
5893	2225
2140	2226
3336	2227
2338	2228
8064	2229
4427	2230
7910	2231
4030	2232
5948	2233
3849	2234
6037	2235
5083	2236
3884	2237
2673	2238
4789	2239
9612	2240
4813	2241
4853	2242
2814	2243
3780	2244
1801	2245
2550	2246
1495	2247
1918	2248
8500	2249
3342	2250
8881	2251
4017	2252
2084	2253
9077	2254
8639	2255
8169	2256
622	2257
5416	2258
5215	2259
9565	2260
7530	2261
3881	2262
8951	2263
7657	2264
5148	2265
4408	2266
8323	2267
4664	2268
1744	2269
3493	2270
9079	2271
3111	2272
3550	2273
9820	2274
9366	2275
4172	2276
7396	2277
3530	2278
8776	2279
823	2280
8237	2281
702	2282
6898	2283
7047	2284
3924	2285
7287	2286
1659	2287
4897	2288
7741	2289
1251	2290
1569	2291
5764	2292
9389	2293
3350	2294
4961	2295
8197	2296
5407	2297
7742	2298
2009	2299
3042	2300
5591	2301
9700	2302
7585	2303
6336	2304
8360	2305
8124	2306
7378	2307
6943	2308
5230	2309
9189	2310
7039	2311
4942	2312
2690	2313
1239	2314
2273	2315
7785	2316
1669	2317
9654	2318
4906	2319
6042	2320
2080	2321
6839	2322
7030	2323
3145	2324
4545	2325
2322	2326
6887	2327
1398	2328
3883	2329
8340	2330
5392	2331
2398	2332
5520	2333
7266	2334
4603	2335
805	2336
7370	2337
1280	2338
7708	2339
6927	2340
4196	2341
5574	2342
5737	2343
8818	2344
3758	2345
4243	2346
429	2347
4968	2348
9144	2349
7203	2350
5406	2351
9799	2352
3064	2353
4384	2354
3051	2355
4001	2356
52	2357
7572	2358
9162	2359
9236	2360
7123	2361
5358	2362
5203	2363
5875	2364
357	2365
8339	2366
8787	2367
4620	2368
1781	2369
348	2370
9473	2371
7474	2372
101	2373
9267	2374
8436	2375
8683	2376
5097	2377
381	2378
6933	2379
5676	2380
5662	2381
369	2382
4199	2383
4090	2384
9255	2385
1748	2386
8133	2387
2103	2388
5828	2389
591	2390
4499	2391
4450	2392
8362	2393
2439	2394
2744	2395
4966	2396
6462	2397
1743	2398
8713	2399
8107	2400
2639	2401
3728	2402
620	2403
4120	2404
1241	2405
9829	2406
5922	2407
1765	2408
9380	2409
6227	2410
5001	2411
6147	2412
4040	2413
5891	2414
3183	2415
3359	2416
9627	2417
3854	2418
1100	2419
9395	2420
7789	2421
3056	2422
1035	2423
5646	2424
7250	2425
2925	2426
2789	2427
85	2428
2353	2429
2378	2430
8150	2431
483	2432
8351	2433
4532	2434
4786	2435
4934	2436
5794	2437
1930	2438
3800	2439
1222	2440
1902	2441
7771	2442
49	2443
3661	2444
7035	2445
5703	2446
7992	2447
9163	2448
6939	2449
6029	2450
9766	2451
1898	2452
9554	2453
106	2454
1835	2455
3971	2456
6288	2457
1561	2458
5546	2459
4993	2460
5787	2461
1358	2462
6416	2463
7359	2464
9818	2465
5983	2466
1083	2467
7543	2468
339	2469
6129	2470
1502	2471
1454	2472
2860	2473
6454	2474
573	2475
4590	2476
4393	2477
7017	2478
1504	2479
6585	2480
8206	2481
2097	2482
3698	2483
937	2484
1401	2485
7098	2486
5164	2487
8026	2488
7237	2489
4843	2490
9679	2491
3402	2492
5283	2493
5225	2494
5765	2495
6858	2496
5107	2497
7499	2498
3387	2499
5031	2500
2148	2501
1738	2502
1197	2503
7831	2504
7631	2505
7903	2506
8795	2507
638	2508
6008	2509
5675	2510
1496	2511
8205	2512
5179	2513
2221	2514
7104	2515
6888	2516
161	2517
9688	2518
2651	2519
681	2520
849	2521
4835	2522
6530	2523
1153	2524
4930	2525
8095	2526
1767	2527
9502	2528
9447	2529
2627	2530
3953	2531
989	2532
131	2533
7538	2534
8654	2535
5970	2536
678	2537
5231	2538
5482	2539
5661	2540
3538	2541
6619	2542
5597	2543
5969	2544
7473	2545
2441	2546
6666	2547
1143	2548
141	2549
7648	2550
3346	2551
9813	2552
4818	2553
2916	2554
4479	2555
3307	2556
283	2557
8846	2558
4033	2559
3828	2560
3201	2561
6626	2562
1577	2563
8296	2564
1268	2565
4434	2566
4	2567
7556	2568
2809	2569
2198	2570
9764	2571
8335	2572
4944	2573
2608	2574
2299	2575
5693	2576
3164	2577
2599	2578
1931	2579
893	2580
9279	2581
8034	2582
2671	2583
5120	2584
3482	2585
8148	2586
4771	2587
6306	2588
8012	2589
2173	2590
9606	2591
3762	2592
7885	2593
3765	2594
1097	2595
1722	2596
8364	2597
4377	2598
2054	2599
6342	2600
3338	2601
4933	2602
2829	2603
4471	2604
3488	2605
3595	2606
9427	2607
2745	2608
5395	2609
5256	2610
1077	2611
2268	2612
6831	2613
8753	2614
6668	2615
4931	2616
8074	2617
3770	2618
2687	2619
5909	2620
2764	2621
4655	2622
2841	2623
3298	2624
2784	2625
9211	2626
506	2627
424	2628
8343	2629
4201	2630
1989	2631
606	2632
4892	2633
1287	2634
4701	2635
342	2636
677	2637
6523	2638
3405	2639
3107	2640
5118	2641
4811	2642
9324	2643
4121	2644
6040	2645
8355	2646
7583	2647
3319	2648
7997	2649
4978	2650
5211	2651
1170	2652
5833	2653
7159	2654
1125	2655
2988	2656
6079	2657
5040	2658
943	2659
5923	2660
3723	2661
7837	2662
2974	2663
2292	2664
6806	2665
3776	2666
2290	2667
9692	2668
4404	2669
3697	2670
1397	2671
2533	2672
1237	2673
3771	2674
8269	2675
779	2676
8029	2677
1530	2678
344	2679
7683	2680
8988	2681
3141	2682
1747	2683
4253	2684
7309	2685
4538	2686
6685	2687
5175	2688
7324	2689
6043	2690
9642	2691
9201	2692
4870	2693
9382	2694
1346	2695
101	2696
5342	2697
88	2698
3120	2699
9628	2700
782	2701
9610	2702
9537	2703
416	2704
1512	2705
7254	2706
9469	2707
4251	2708
877	2709
2624	2710
2498	2711
5337	2712
4091	2713
2790	2714
9676	2715
123	2716
5731	2717
2632	2718
1121	2719
1778	2720
6955	2721
957	2722
3086	2723
2837	2724
7618	2725
5822	2726
3940	2727
8936	2728
3254	2729
5570	2730
3639	2731
8861	2732
8053	2733
4893	2734
5901	2735
5114	2736
7285	2737
5869	2738
318	2739
9253	2740
4971	2741
8560	2742
8553	2743
7676	2744
3152	2745
6033	2746
9762	2747
3408	2748
5259	2749
9064	2750
772	2751
2588	2752
8568	2753
5112	2754
405	2755
1742	2756
382	2757
2987	2758
4155	2759
5701	2760
5378	2761
5657	2762
3961	2763
8317	2764
9421	2765
2201	2766
4635	2767
1503	2768
8357	2769
7406	2770
6215	2771
7420	2772
9808	2773
6083	2774
8729	2775
7792	2776
6250	2777
1455	2778
4829	2779
3535	2780
8798	2781
9177	2782
8503	2783
5398	2784
6864	2785
9545	2786
8637	2787
67	2788
8384	2789
2606	2790
4307	2791
3882	2792
550	2793
435	2794
9303	2795
4991	2796
6228	2797
8923	2798
1439	2799
6476	2800
6724	2801
2280	2802
913	2803
6750	2804
1520	2805
8025	2806
6997	2807
5133	2808
2926	2809
2859	2810
5599	2811
5929	2812
3159	2813
2656	2814
1808	2815
8831	2816
545	2817
8121	2818
6340	2819
180	2820
7654	2821
3009	2822
2878	2823
9602	2824
3303	2825
5943	2826
8906	2827
8196	2828
5888	2829
3950	2830
3748	2831
5287	2832
9677	2833
1392	2834
5771	2835
7922	2836
3418	2837
6123	2838
2455	2839
326	2840
4421	2841
5405	2842
755	2843
1542	2844
9057	2845
7228	2846
8353	2847
7797	2848
3745	2849
4036	2850
1992	2851
5087	2852
4218	2853
4915	2854
81	2855
5746	2856
4549	2857
5864	2858
1943	2859
5566	2860
7377	2861
4323	2862
7379	2863
6256	2864
1057	2865
2947	2866
4400	2867
9453	2868
5149	2869
1270	2870
1950	2871
8	2872
1529	2873
6265	2874
8539	2875
722	2876
6825	2877
4798	2878
5555	2879
3443	2880
3794	2881
3339	2882
7895	2883
2824	2884
3543	2885
3029	2886
2018	2887
8992	2888
2963	2889
4707	2890
8322	2891
9484	2892
6560	2893
4392	2894
3344	2895
9560	2896
7557	2897
2761	2898
4805	2899
7062	2900
6781	2901
4531	2902
5034	2903
9757	2904
21	2905
2747	2906
4159	2907
3323	2908
6810	2909
6406	2910
2269	2911
7924	2912
5351	2913
1371	2914
7326	2915
7542	2916
6497	2917
9089	2918
9429	2919
6335	2920
6876	2921
3755	2922
5541	2923
6581	2924
6278	2925
694	2926
5030	2927
6920	2928
7671	2929
3593	2930
5908	2931
3059	2932
3835	2933
6201	2934
8869	2935
8627	2936
250	2937
1441	2938
7889	2939
9418	2940
6918	2941
7189	2942
2736	2943
1203	2944
8008	2945
7021	2946
406	2947
8023	2948
5209	2949
2264	2950
6659	2951
3235	2952
4297	2953
8632	2954
7046	2955
9506	2956
5291	2957
4192	2958
6339	2959
1927	2960
5381	2961
1467	2962
3067	2963
7547	2964
3952	2965
1252	2966
7536	2967
2570	2968
2694	2969
9138	2970
733	2971
1031	2972
3219	2973
2873	2974
5063	2975
4849	2976
4501	2977
8641	2978
4938	2979
8648	2980
2928	2981
4612	2982
1750	2983
6054	2984
5273	2985
7748	2986
8874	2987
9643	2988
75	2989
5934	2990
9630	2991
4779	2992
4836	2993
1194	2994
682	2995
9781	2996
9783	2997
6015	2998
7411	2999
9284	3000
2578	3001
5141	3002
2718	3003
12	3004
3285	3005
2910	3006
2955	3007
652	3008
6550	3009
3385	3010
1376	3011
4609	3012
3383	3013
70	3014
5119	3015
157	3016
6320	3017
2822	3018
4241	3019
1244	3020
9288	3021
3932	3022
9740	3023
1400	3024
5801	3025
6304	3026
7244	3027
3368	3028
7460	3029
512	3030
8879	3031
1298	3032
7050	3033
6366	3034
6448	3035
7872	3036
9326	3037
5614	3038
8509	3039
5580	3040
8057	3041
7945	3042
2333	3043
1476	3044
8469	3045
9733	3046
1740	3047
1322	3048
1248	3049
8700	3050
3939	3051
5850	3052
7794	3053
7653	3054
2778	3055
762	3056
7675	3057
6516	3058
5626	3059
5940	3060
4953	3061
5293	3062
4570	3063
3096	3064
7535	3065
2866	3066
4262	3067
8619	3068
7432	3069
5275	3070
2612	3071
3978	3072
4837	3073
740	3074
4723	3075
9722	3076
5729	3077
642	3078
7663	3079
1044	3080
2444	3081
6609	3082
7680	3083
7799	3084
6124	3085
9772	3086
2457	3087
498	3088
3664	3089
1733	3090
3416	3091
3434	3092
2124	3093
7355	3094
4647	3095
5304	3096
9166	3097
2030	3098
8292	3099
2405	3100
1098	3101
3868	3102
8418	3103
6896	3104
8531	3105
3869	3106
7366	3107
5444	3108
356	3109
6271	3110
5053	3111
5088	3112
2266	3113
1117	3114
4581	3115
51	3116
8168	3117
7438	3118
3738	3119
3325	3120
672	3121
130	3122
7424	3123
1875	3124
2052	3125
6701	3126
742	3127
7256	3128
9391	3129
8900	3130
9744	3131
4459	3132
4937	3133
8283	3134
3722	3135
2253	3136
9598	3137
8512	3138
2958	3139
3992	3140
2590	3141
6793	3142
2556	3143
4644	3144
522	3145
1676	3146
8856	3147
9298	3148
4360	3149
2048	3150
2171	3151
5939	3152
915	3153
3463	3154
670	3155
7175	3156
1674	3157
9098	3158
2915	3159
583	3160
8217	3161
6615	3162
2076	3163
6099	3164
3364	3165
5340	3166
8834	3167
2480	3168
4954	3169
828	3170
7952	3171
5493	3172
8484	3173
1101	3174
7969	3175
8706	3176
1980	3177
9058	3178
7995	3179
6264	3180
7372	3181
955	3182
1004	3183
2320	3184
7334	3185
3908	3186
2618	3187
1317	3188
603	3189
4164	3190
7698	3191
8166	3192
6760	3193
2983	3194
8406	3195
7166	3196
5762	3197
4084	3198
1087	3199
2492	3200
3782	3201
8799	3202
4981	3203
3451	3204
4127	3205
9568	3206
2003	3207
7501	3208
2183	3209
3294	3210
3995	3211
2349	3212
6419	3213
6375	3214
5471	3215
6936	3216
8441	3217
953	3218
6967	3219
3654	3220
5115	3221
6830	3222
8232	3223
4780	3224
9792	3225
1481	3226
6355	3227
1460	3228
7886	3229
7678	3230
4143	3231
9607	3232
5177	3233
4252	3234
4299	3235
525	3236
426	3237
95	3238
8151	3239
3151	3240
3478	3241
792	3242
2091	3243
5208	3244
3423	3245
2255	3246
2524	3247
108	3248
6661	3249
8722	3250
1560	3251
3450	3252
4289	3253
3001	3254
4305	3255
4895	3256
2682	3257
8607	3258
131	3259
3486	3260
5719	3261
476	3262
1427	3263
2511	3264
3626	3265
982	3266
7500	3267
4370	3268
146	3269
7116	3270
9710	3271
7194	3272
6438	3273
2013	3274
8848	3275
9315	3276
6676	3277
9230	3278
3660	3279
5183	3280
9280	3281
1974	3282
3216	3283
7097	3284
7946	3285
1799	3286
1440	3287
6773	3288
8570	3289
5773	3290
9143	3291
4618	3292
122	3293
7570	3294
3404	3295
4535	3296
6325	3297
6823	3298
1912	3299
6746	3300
3866	3301
6089	3302
1755	3303
3424	3304
7014	3305
7529	3306
3871	3307
9033	3308
4231	3309
9621	3310
930	3311
138	3312
7362	3313
8275	3314
8223	3315
8428	3316
8647	3317
2941	3318
6925	3319
3784	3320
4324	3321
829	3322
1581	3323
4085	3324
4109	3325
1960	3326
6629	3327
9250	3328
7381	3329
9650	3330
1081	3331
6084	3332
112	3333
33	3334
3542	3335
9830	3336
4574	3337
5247	3338
6911	3339
5949	3340
973	3341
9636	3342
291	3343
7847	3344
6434	3345
5015	3346
5453	3347
7132	3348
5942	3349
4135	3350
885	3351
5841	3352
4645	3353
6341	3354
2769	3355
9217	3356
7584	3357
4838	3358
6769	3359
5096	3360
5931	3361
152	3362
6310	3363
3454	3364
9454	3365
8767	3366
8439	3367
8773	3368
1403	3369
9556	3370
9649	3371
9726	3372
1485	3373
4486	3374
7337	3375
5755	3376
2923	3377
9377	3378
6693	3379
7002	3380
3804	3381
8048	3382
1919	3383
7842	3384
6115	3385
4863	3386
1769	3387
2125	3388
7041	3389
8078	3390
2251	3391
133	3392
7915	3393
5150	3394
864	3395
8715	3396
1566	3397
3990	3398
3941	3399
5874	3400
3586	3401
5237	3402
7976	3403
6291	3404
9731	3405
243	3406
7350	3407
8718	3408
6698	3409
43	3410
3398	3411
32	3412
493	3413
4784	3414
3974	3415
4778	3416
9034	3417
3862	3418
5028	3419
6028	3420
3137	3421
7518	3422
1794	3423
5286	3424
8219	3425
6778	3426
1949	3427
2417	3428
3093	3429
5959	3430
9780	3431
6951	3432
6216	3433
9331	3434
410	3435
5213	3436
7076	3437
8260	3438
2695	3439
218	3440
449	3441
3047	3442
1046	3443
7075	3444
6118	3445
8047	3446
9618	3447
4270	3448
8783	3449
448	3450
5258	3451
9543	3452
172	3453
4761	3454
8525	3455
142	3456
3	3457
2435	3458
4744	3459
8049	3460
3625	3461
7776	3462
1889	3463
2518	3464
6305	3465
5595	3466
4799	3467
770	3468
1791	3469
8268	3470
9644	3471
4598	3472
7357	3473
1160	3474
1136	3475
9170	3476
7743	3477
8695	3478
3803	3479
6	3480
9386	3481
4929	3482
7791	3483
4593	3484
9353	3485
4726	3486
5926	3487
7146	3488
1022	3489
5171	3490
5007	3491
4764	3492
366	3493
117	3494
7906	3495
5932	3496
4207	3497
945	3498
8410	3499
6395	3500
5588	3501
8546	3502
9157	3503
9705	3504
9725	3505
4044	3506
2519	3507
8149	3508
7541	3509
3616	3510
7049	3511
2959	3512
1506	3513
9404	3514
4328	3515
8719	3516
3161	3517
4012	3518
1269	3519
1246	3520
1650	3521
9037	3522
8337	3523
6444	3524
6181	3525
9815	3526
8250	3527
9777	3528
4583	3529
5840	3530
3987	3531
9751	3532
7639	3533
4631	3534
7971	3535
3672	3536
5207	3537
5842	3538
3636	3539
434	3540
3845	3541
2220	3542
1399	3543
7061	3544
4489	3545
6590	3546
7429	3547
3798	3548
76	3549
9451	3550
1294	3551
9060	3552
4716	3553
8621	3554
3352	3555
6739	3556
7880	3557
780	3558
5447	3559
1209	3560
4669	3561
8635	3562
7107	3563
4659	3564
9648	3565
6919	3566
6199	3567
8256	3568
3136	3569
2760	3570
3565	3571
353	3572
3116	3573
1008	3574
3419	3575
4845	3576
6346	3577
8563	3578
3003	3579
1258	3580
6209	3581
962	3582
3332	3583
7883	3584
7862	3585
7483	3586
5367	3587
7183	3588
4057	3589
3087	3590
6944	3591
1667	3592
1038	3593
2075	3594
4606	3595
3873	3596
2314	3597
523	3598
5905	3599
8987	3600
519	3601
48	3602
4423	3603
1891	3604
8577	3605
2079	3606
7948	3607
5630	3608
8510	3609
7725	3610
139	3611
5620	3612
7917	3613
5182	3614
9467	3615
8132	3616
8495	3617
4124	3618
3669	3619
3400	3620
1122	3621
7008	3622
87	3623
2669	3624
1438	3625
5885	3626
8019	3627
79	3628
2686	3629
2537	3630
3690	3631
3630	3632
3415	3633
3846	3634
5658	3635
6294	3636
7078	3637
5879	3638
6808	3639
5844	3640
6718	3641
3545	3642
2469	3643
2276	3644
8213	3645
1283	3646
5987	3647
2352	3648
2975	3649
7028	3650
5411	3651
2609	3652
6353	3653
249	3654
4650	3655
9667	3656
4877	3657
3520	3658
8058	3659
4542	3660
688	3661
7943	3662
2242	3663
2971	3664
6363	3665
324	3666
6024	3667
6901	3668
8297	3669
4193	3670
7873	3671
7720	3672
3511	3673
1641	3674
4463	3675
5011	3676
2617	3677
3571	3678
7604	3679
6922	3680
421	3681
6747	3682
3369	3683
2534	3684
5027	3685
6633	3686
5305	3687
6069	3688
4454	3689
4399	3690
8448	3691
7815	3692
2154	3693
4667	3694
4024	3695
105	3696
4261	3697
538	3698
4926	3699
7949	3700
1478	3701
2036	3702
4429	3703
1261	3704
6545	3705
8407	3706
3477	3707
783	3708
1375	3709
9231	3710
5257	3711
8741	3712
5631	3713
5877	3714
8971	3715
331	3716
4356	3717
970	3718
4326	3719
6489	3720
9442	3721
3796	3722
1849	3723
2137	3724
6386	3725
3290	3726
94	3727
9402	3728
181	3729
4766	3730
31	3731
2629	3732
1129	3733
3719	3734
2252	3735
4165	3736
9223	3737
4718	3738
3095	3739
1128	3740
1208	3741
5488	3742
4841	3743
2514	3744
5046	3745
753	3746
8358	3747
2050	3748
7099	3749
1531	3750
3682	3751
4126	3752
6551	3753
3729	3754
7765	3755
5143	3756
2194	3757
40	3758
6569	3759
9793	3760
2272	3761
2540	3762
8201	3763
2855	3764
5896	3765
9567	3766
2973	3767
1	3768
2305	3769
184	3770
5239	3771
4607	3772
2628	3773
2990	3774
453	3775
8909	3776
9420	3777
6136	3778
8925	3779
4373	3780
6464	3781
8187	3782
1776	3783
3656	3784
6156	3785
515	3786
5838	3787
78	3788
4327	3789
3335	3790
1430	3791
5863	3792
7321	3793
78	3794
2466	3795
1867	3796
2934	3797
4832	3798
7453	3799
1305	3800
268	3801
3073	3802
373	3803
3836	3804
7701	3805
5190	3806
5920	3807
4999	3808
5130	3809
4945	3810
3617	3811
7843	3812
7065	3813
4136	3814
107	3815
6543	3816
126	3817
98	3818
635	3819
2986	3820
4808	3821
5433	3822
7830	3823
8757	3824
6791	3825
77	3826
3324	3827
8702	3828
7637	3829
5734	3830
2487	3831
7938	3832
4345	3833
4624	3834
4285	3835
9474	3836
7063	3837
8208	3838
5540	3839
6684	3840
4029	3841
7343	3842
2845	3843
618	3844
190	3845
2449	3846
8532	3847
5410	3848
9516	3849
9381	3850
6573	3851
9841	3852
7294	3853
8144	3854
2620	3855
4094	3856
5394	3857
4174	3858
9235	3859
1555	3860
7243	3861
5924	3862
7459	3863
9753	3864
2611	3865
9748	3866
2803	3867
9482	3868
6728	3869
399	3870
4565	3871
5058	3872
3638	3873
2880	3874
9270	3875
1724	3876
4721	3877
7586	3878
7339	3879
2471	3880
2006	3881
8253	3882
6471	3883
6947	3884
9313	3885
2464	3886
2344	3887
2684	3888
2979	3889
562	3890
6138	3891
4599	3892
9318	3893
3737	3894
8883	3895
8045	3896
8701	3897
5311	3898
7578	3899
3291	3900
4494	3901
2582	3902
2892	3903
4742	3904
2848	3905
4099	3906
1612	3907
7125	3908
411	3909
8037	3910
9806	3911
305	3912
5865	3913
2368	3914
1204	3915
6993	3916
7288	3917
2950	3918
8772	3919
7261	3920
8524	3921
8	3922
5768	3923
4420	3924
7597	3925
2821	3926
2282	3927
97	3928
9308	3929
1591	3930
3619	3931
363	3932
1510	3933
5964	3934
1771	3935
4236	3936
5547	3937
857	3938
4662	3939
9563	3940
9600	3941
608	3942
5569	3943
3243	3944
6410	3945
8105	3946
5204	3947
1988	3948
4060	3949
7979	3950
1377	3951
407	3952
6916	3953
4269	3954
7268	3955
1311	3956
7257	3957
7582	3958
1815	3959
5480	3960
6892	3961
87	3962
8386	3963
6431	3964
1312	3965
1850	3966
7814	3967
3936	3968
2465	3969
334	3970
431	3971
4958	3972
9327	3973
3209	3974
6934	3975
5749	3976
1140	3977
1858	3978
2945	3979
6843	3980
4856	3981
6824	3982
8033	3983
6360	3984
4876	3985
976	3986
7093	3987
1688	3988
329	3989
183	3990
809	3991
4298	3992
9180	3993
2392	3994
7315	3995
8922	3996
3599	3997
514	3998
8027	3999
3143	4000
7234	4001
2531	4002
335	4003
9821	4004
9052	4005
874	4006
4605	4007
7412	4008
9475	4009
6368	4010
917	4011
5056	4012
2215	4013
7807	4014
6727	4015
9348	4016
6566	4017
159	4018
2193	4019
6969	4020
6679	4021
687	4022
4521	4023
9175	4024
8649	4025
1843	4026
2792	4027
8248	4028
6998	4029
5244	4030
9372	4031
7860	4032
7703	4033
847	4034
1538	4035
9524	4036
47	4037
3959	4038
6984	4039
803	4040
1810	4041
4363	4042
4153	4043
1691	4044
1637	4045
750	4046
6244	4047
3103	4048
6594	4049
7470	4050
8645	4051
2246	4052
9160	4053
2775	4054
5975	4055
360	4056
3596	4057
3781	4058
8134	4059
1027	4060
7444	4061
2545	4062
2830	4063
2581	4064
6722	4065
3810	4066
760	4067
2085	4068
9539	4069
6242	4070
383	4071
7833	4072
7238	4073
2214	4074
2374	4075
3815	4076
4309	4077
6833	4078
837	4079
4194	4080
8301	4081
6007	4082
121	4083
2549	4084
1941	4085
3925	4086
6599	4087
5963	4088
284	4089
115	4090
6002	4091
9784	4092
3167	4093
5312	4094
419	4095
8886	4096
6871	4097
2852	4098
286	4099
3055	4100
11	4101
899	4102
8007	4103
1054	4104
8501	4105
4702	4106
6240	4107
5612	4108
8589	4109
1030	4110
143	4111
710	4112
9082	4113
3265	4114
5328	4115
4367	4116
5653	4117
5538	4118
5439	4119
7032	4120
6420	4121
4896	4122
6253	4123
6686	4124
8766	4125
3431	4126
2801	4127
2733	4128
2879	4129
763	4130
980	4131
8285	4132
5966	4133
2434	4134
7170	4135
6062	4136
1698	4137
6207	4138
5941	4139
9396	4140
6681	4141
5542	4142
7369	4143
209	4144
8442	4145
2206	4146
1282	4147
4801	4148
3380	4149
5912	4150
8452	4151
4566	4152
7115	4153
8328	4154
528	4155
8755	4156
4447	4157
3641	4158
7888	4159
6975	4160
6004	4161
9032	4162
1444	4163
8475	4164
6931	4165
1725	4166
2898	4167
8319	4168
4141	4169
6883	4170
9848	4171
3562	4172
3166	4173
4526	4174
153	4175
9202	4176
3492	4177
5187	4178
3889	4179
1475	4180
1544	4181
223	4182
8142	4183
6443	4184
6187	4185
3500	4186
2081	4187
517	4188
3685	4189
547	4190
9669	4191
447	4192
6937	4193
1805	4194
4335	4195
3094	4196
439	4197
7621	4198
403	4199
9776	4200
3355	4201
5979	4202
1347	4203
2357	4204
7640	4205
8935	4206
3564	4207
4461	4208
1807	4209
983	4210
2358	4211
3965	4212
8984	4213
6455	4214
1905	4215
7165	4216
372	4217
7018	4218
5854	4219
6317	4220
6236	4221
9803	4222
80	4223
9110	4224
135	4225
327	4226
7006	4227
3374	4228
1368	4229
7009	4230
6092	4231
3284	4232
2056	4233
1260	4234
4134	4235
5210	4236
8552	4237
3830	4238
2980	4239
7960	4240
5282	4241
7548	4242
6908	4243
1080	4244
3449	4245
7994	4246
7965	4247
3802	4248
571	4249
3238	4250
8877	4251
2596	4252
2011	4253
5674	4254
1604	4255
6622	4256
9741	4257
4481	4258
6592	4259
6493	4260
9760	4261
1720	4262
3715	4263
3856	4264
3077	4265
3011	4266
7227	4267
825	4268
317	4269
6452	4270
2767	4271
2523	4272
5981	4273
6063	4274
3644	4275
6798	4276
6688	4277
2978	4278
2129	4279
4107	4280
1183	4281
151	4282
7839	4283
5461	4284
696	4285
6787	4286
3572	4287
3544	4288
7966	4289
4130	4290
1316	4291
3399	4292
1001	4293
5078	4294
4925	4295
8507	4296
7385	4297
9466	4298
6500	4299
7408	4300
2430	4301
6762	4302
236	4303
1789	4304
6978	4305
5456	4306
1823	4307
6148	4308
5071	4309
7026	4310
6202	4311
7338	4312
4611	4313
9572	4314
3353	4315
9507	4316
6826	4317
3420	4318
210	4319
8857	4320
4688	4321
9645	4322
8120	4323
8892	4324
2476	4325
5757	4326
3519	4327
5079	4328
5360	4329
9137	4330
8982	4331
9063	4332
9359	4333
8905	4334
3110	4335
5793	4336
5592	4337
7299	4338
8727	4339
2317	4340
936	4341
7508	4342
3867	4343
5429	4344
5849	4345
8893	4346
9153	4347
1910	4348
1446	4349
8400	4350
2625	4351
2027	4352
7410	4353
7428	4354
6818	4355
8247	4356
4498	4357
7398	4358
8924	4359
5635	4360
7909	4361
5866	4362
5795	4363
771	4364
6507	4365
8784	4366
5502	4367
7756	4368
1576	4369
9779	4370
926	4371
3997	4372
301	4373
4092	4374
4076	4375
4146	4376
338	4377
7564	4378
1232	4379
2727	4380
7133	4381
3702	4382
7031	4383
9065	4384
8090	4385
9021	4386
6006	4387
5464	4388
8234	4389
4509	4390
7988	4391
7854	4392
6878	4393
1349	4394
5704	4395
7191	4396
683	4397
2868	4398
3526	4399
4854	4400
5886	4401
3706	4402
7891	4403
88	4404
6328	4405
8655	4406
1993	4407
2078	4408
625	4409
2949	4410
6023	4411
3874	4412
918	4413
2020	4414
3447	4415
2846	4416
4882	4417
521	4418
1965	4419
2170	4420
689	4421
3985	4422
1007	4423
3886	4424
5919	4425
8878	4426
376	4427
2422	4428
2972	4429
3017	4430
9463	4431
5077	4432
74	4433
2096	4434
7127	4435
1501	4436
362	4437
7687	4438
2244	4439
3458	4440
613	4441
799	4442
6957	4443
3731	4444
3072	4445
1937	4446
3872	4447
7734	4448
8749	4449
5300	4450
2263	4451
4443	4452
5575	4453
8304	4454
4354	4455
7044	4456
7660	4457
6567	4458
4082	4459
3106	4460
5613	4461
8743	4462
2115	4463
5314	4464
4686	4465
5505	4466
9277	4467
868	4468
9615	4469
4544	4470
7493	4471
7280	4472
9350	4473
3801	4474
2909	4475
5236	4476
6996	4477
2659	4478
4137	4479
2029	4480
9123	4481
6917	4482
4263	4483
1200	4484
3126	4485
3980	4486
2605	4487
3315	4488
9659	4489
931	4490
4259	4491
1145	4492
6241	4493
5960	4494
8870	4495
1575	4496
285	4497
2364	4498
5000	4499
99	4500
5356	4501
2723	4502
5428	4503
4291	4504
5523	4505
1341	4506
1275	4507
6487	4508
7502	4509
7461	4510
3634	4511
9498	4512
8541	4513
3036	4514
9094	4515
2858	4516
8965	4517
4663	4518
1533	4519
8199	4520
2488	4521
5302	4522
6491	4523
9412	4524
721	4525
7532	4526
9242	4527
4865	4528
3560	4529
1864	4530
1370	4531
4249	4532
2631	4533
3453	4534
8802	4535
398	4536
5687	4537
8117	4538
8165	4539
3679	4540
1526	4541
4414	4542
4637	4543
3321	4544
4894	4545
9489	4546
6086	4547
5414	4548
8085	4549
6682	4550
3187	4551
5435	4552
8346	4553
1095	4554
4568	4555
4844	4556
836	4557
655	4558
61	4559
2739	4560
2034	4561
1041	4562
4956	4563
2064	4564
6521	4565
179	4566
2436	4567
4061	4568
5907	4569
3217	4570
3518	4571
8036	4572
2722	4573
3097	4574
9652	4575
923	4576
4626	4577
2113	4578
5384	4579
5572	4580
124	4581
9073	4582
621	4583
8797	4584
1657	4585
6297	4586
299	4587
7390	4588
863	4589
2560	4590
325	4591
3049	4592
3667	4593
1915	4594
1	4595
8291	4596
9709	4597
2410	4598
1336	4599
2391	4600
1709	4601
5191	4602
7786	4603
6529	4604
5019	4605
5278	4606
6367	4607
36	4608
9608	4609
497	4610
4334	4611
7774	4612
8352	4613
8347	4614
586	4615
6466	4616
5835	4617
43	4618
189	4619
5497	4620
504	4621
3732	4622
4379	4623
2332	4624
6537	4625
3007	4626
38	4627
4639	4628
5396	4629
2895	4630
2169	4631
9411	4632
9384	4633
2586	4634
71	4635
1076	4636
5451	4637
3769	4638
7168	4639
6266	4640
4641	4641
8313	4642
4918	4643
9241	4644
9586	4645
2918	4646
5848	4647
5238	4648
2704	4649
6646	4650
1005	4651
8752	4652
5811	4653
7510	4654
8910	4655
6780	4656
660	4657
6233	4658
3242	4659
7874	4660
8938	4661
2150	4662
8075	4663
6580	4664
6245	4665
5452	4666
1860	4667
73	4668
3620	4669
4888	4670
6331	4671
8769	4672
1803	4673
2567	4674
6400	4675
6082	4676
2098	4677
4317	4678
4088	4679
8673	4680
2051	4681
4864	4682
578	4683
1851	4684
1186	4685
4852	4686
3401	4687
53	4688
3633	4689
6260	4690
9239	4691
3766	4692
743	4693
5972	4694
734	4695
2743	4696
4472	4697
7781	4698
7498	4699
114	4700
201	4701
2204	4702
9512	4703
1787	4704
5827	4705
6399	4706
6923	4707
8209	4708
119	4709
1967	4710
4705	4711
231	4712
1994	4713
9445	4714
5543	4715
5039	4716
8887	4717
7057	4718
9161	4719
7085	4720
6561	4721
6792	4722
6379	4723
1338	4724
1334	4725
1333	4726
6354	4727
9771	4728
7937	4729
7152	4730
3496	4731
7667	4732
590	4733
8686	4734
2275	4735
5423	4736
4188	4737
8216	4738
4189	4739
8660	4740
213	4741
2146	4742
5385	4743
4995	4744
8414	4745
9501	4746
3659	4747
9264	4748
8873	4749
8024	4750
8615	4751
1914	4752
891	4753
6185	4754
314	4755
8668	4756
129	4757
5883	4758
9329	4759
8994	4760
9245	4761
320	4762
8952	4763
2908	4764
2369	4765
6935	4766
9826	4767
2749	4768
3295	4769
8745	4770
2735	4771
1704	4772
1123	4773
1314	4774
3851	4775
3469	4776
8904	4777
972	4778
9802	4779
8437	4780
4986	4781
9787	4782
6515	4783
4162	4784
9646	4785
9756	4786
9439	4787
6017	4788
1847	4789
8097	4790
3366	4791
2411	4792
5871	4793
2506	4794
7117	4795
4874	4796
4512	4797
1505	4798
5277	4799
9048	4800
6840	4801
889	4802
7991	4803
7176	4804
1300	4805
8574	4806
7719	4807
8656	4808
3514	4809
9289	4810
7346	4811
9694	4812
7192	4813
4031	4814
978	4815
7571	4816
8964	4817
3124	4818
6496	4819
4123	4820
9577	4821
8596	4822
7102	4823
9234	4824
9435	4825
9116	4826
109	4827
3827	4828
5265	4829
1177	4830
5937	4831
6710	4832
7935	4833
2494	4834
8533	4835
7711	4836
8198	4837
598	4838
6200	4839
385	4840
7043	4841
6151	4842
7804	4843
1369	4844
5057	4845
185	4846
5758	4847
2871	4848
3044	4849
3239	4850
3689	4851
4225	4852
6634	4853
7306	4854
2281	4855
1074	4856
8370	4857
7932	4858
7480	4859
6736	4860
6321	4861
1243	4862
8591	4863
3207	4864
7323	4865
3508	4866
8788	4867
7892	4868
5494	4869
8545	4870
3551	4871
6411	4872
4910	4873
8739	4874
2158	4875
4426	4876
3972	4877
7732	4878
7222	4879
2059	4880
1323	4881
6153	4882
8035	4883
6189	4884
4756	4885
4198	4886
2613	4887
6257	4888
1639	4889
4830	4890
6949	4891
2152	4892
5020	4893
203	4894
5957	4895
4848	4896
1195	4897
118	4898
8112	4899
7059	4900
5276	4901
7161	4902
2354	4903
4710	4904
6977	4905
6880	4906
6460	4907
2285	4908
9674	4909
8481	4910
4758	4911
4819	4912
1541	4913
8465	4914
5379	4915
4041	4916
3028	4917
713	4918
5349	4919
92	4920
2228	4921
5068	4922
42	4923
4860	4924
6696	4925
3114	4926
961	4927
3533	4928
7750	4929
4006	4930
4353	4931
2123	4932
9426	4933
9246	4934
1981	4935
6704	4936
8666	4937
8816	4938
9490	4939
110	4940
5094	4941
7171	4942
8768	4943
557	4944
3034	4945
3613	4946
6575	4947
4540	4948
4727	4949
3082	4950
340	4951
824	4952
7727	4953
257	4954
543	4955
5260	4956
9286	4957
5584	4958
8072	4959
6678	4960
6865	4961
379	4962
4202	4963
9804	4964
171	4965
8537	4966
138	4967
5640	4968
2965	4969
7733	4970
5604	4971
1562	4972
2431	4973
32	4974
2589	4975
6446	4976
74	4977
3329	4978
1777	4979
3909	4980
2060	4981
9088	4982
2040	4983
7779	4984
4415	4985
2836	4986
9807	4987
9169	4988
2157	4989
9782	4990
2962	4991
9072	4992
2702	4993
2982	4994
5823	4995
9449	4996
8490	4997
7038	4998
8665	4999
2883	5000
865	5001
4063	5002
2740	5003
4316	5004
438	5005
3378	5006
9739	5007
8457	5008
4049	5009
8953	5010
8172	5011
1196	5012
640	5013
6128	5014
8314	5015
4364	5016
4054	5017
7487	5018
8443	5019
3035	5020
8381	5021
1362	5022
2172	5023
9503	5024
7628	5025
5556	5026
6090	5027
9292	5028
2486	5029
6279	5030
5229	5031
5359	5032
3491	5033
3016	5034
9728	5035
3277	5036
3501	5037
5172	5038
2188	5039
9696	5040
6765	5041
986	5042
8402	5043
7589	5044
8472	5045
3461	5046
9529	5047
5544	5048
7139	5049
5985	5050
4717	5051
3225	5052
4982	5053
9738	5054
1543	5055
2395	5056
6290	5057
2699	5058
1175	5059
7162	5060
2811	5061
351	5062
7555	5063
8338	5064
4229	5065
7066	5066
5815	5067
3210	5068
11	5069
3926	5070
25	5071
287	5072
6358	5073
2160	5074
7313	5075
91	5076
1245	5077
3013	5078
5457	5079
8014	5080
9797	5081
7999	5082
7422	5083
6605	5084
7652	5085
630	5086
9505	5087
8371	5088
8578	5089
3743	5090
5184	5091
1570	5092
5355	5093
5165	5094
19	5095
8837	5096
5594	5097
1557	5098
680	5099
7430	5100
8222	5101
812	5102
3923	5103
8429	5104
445	5105
8977	5106
4547	5107
9281	5108
1452	5109
7142	5110
9499	5111
7252	5112
3578	5113
3759	5114
8796	5115
1437	5116
8173	5117
8611	5118
3999	5119
7619	5120
6117	5121
8178	5122
2	5123
7813	5124
8212	5125
2960	5126
2572	5127
9046	5128
739	5129
9831	5130
7715	5131
7978	5132
7788	5133
8270	5134
1863	5135
9687	5136
6193	5137
5362	5138
5977	5139
6819	5140
6872	5141
5663	5142
7112	5143
2585	5144
9392	5145
6188	5146
8278	5147
5699	5148
5224	5149
7768	5150
5750	5151
3948	5152
4522	5153
4557	5154
1295	5155
3202	5156
3788	5157
7620	5158
4712	5159
1025	5160
1536	5161
5956	5162
6971	5163
6926	5164
4355	5165
7269	5166
4394	5167
275	5168
2191	5169
30	5170
3772	5171
2680	5172
4732	5173
2907	5174
6048	5175
7558	5176
6582	5177
897	5178
3720	5179
5980	5180
3301	5181
4205	5182
3541	5183
384	5184
3306	5185
8699	5186
7865	5187
9008	5188
1409	5189
8826	5190
5315	5191
2592	5192
7911	5193
673	5194
3955	5195
8843	5196
6674	5197
719	5198
2067	5199
2165	5200
8584	5201
2584	5202
9099	5203
3688	5204
2112	5205
3046	5206
6502	5207
6094	5208
8601	5209
4279	5210
2041	5211
7260	5212
9532	5213
9192	5214
4518	5215
7277	5216
2885	5217
68	5218
6362	5219
1717	5220
4003	5221
295	5222
7614	5223
4464	5224
6510	5225
4074	5226
1387	5227
29	5228
6834	5229
6814	5230
6270	5231
4149	5232
1679	5233
6252	5234
2306	5235
3117	5236
7753	5237
6737	5238
6766	5239
4713	5240
4640	5241
2283	5242
1773	5243
1984	5244
9479	5245
7096	5246
166	5247
3065	5248
140	5249
7863	5250
3330	5251
3531	5252
7642	5253
4048	5254
1705	5255
8569	5256
727	5257
6072	5258
4500	5259
4211	5260
7634	5261
2575	5262
8146	5263
4984	5264
9663	5265
8354	5266
6603	5267
4997	5268
4020	5269
8435	5270
9690	5271
8235	5272
9233	5273
9059	5274
5622	5275
5306	5276
1987	5277
6526	5278
7581	5279
839	5280
8595	5281
4342	5282
2698	5283
4254	5284
5100	5285
9178	5286
7329	5287
408	5288
3057	5289
2970	5290
9743	5291
1137	5292
9617	5293
4825	5294
1063	5295
7876	5296
6439	5297
2496	5298
7121	5299
3363	5300
5267	5301
6283	5302
380	5303
4745	5304
5579	5305
3859	5306
7073	5307
5250	5308
6071	5309
244	5310
5316	5311
9061	5312
9387	5313
4350	5314
64	5315
9508	5316
105	5317
3670	5318
3220	5319
3652	5320
1696	5321
741	5322
5432	5323
2366	5324
9823	5325
886	5326
9355	5327
6777	5328
7259	5329
7762	5330
7305	5331
7805	5332
8636	5333
5858	5334
2012	5335
7084	5336
6928	5337
9342	5338
5038	5339
6150	5340
9215	5341
7264	5342
7738	5343
4828	5344
3485	5345
4820	5346
103	5347
7592	5348
3850	5349
2234	5350
7019	5351
4831	5352
8051	5353
2677	5354
9746	5355
2406	5356
5860	5357
5116	5358
2756	5359
3597	5360
2953	5361
6612	5362
8318	5363
2532	5364
6557	5365
9852	5366
7869	5367
273	5368
1552	5369
5434	5370
4025	5371
3767	5372
5061	5373
3193	5374
4693	5375
4941	5376
4386	5377
2724	5378
3915	5379
3174	5380
5791	5381
7143	5382
1934	5383
2938	5384
8043	5385
3392	5386
2715	5387
704	5388
7641	5389
9581	5390
9287	5391
3899	5392
1021	5393
4859	5394
370	5395
2633	5396
2683	5397
104	5398
2600	5399
9014	5400
4690	5401
1256	5402
6568	5403
5181	5404
3112	5405
7623	5406
5430	5407
3870	5408
607	5409
2351	5410
1564	5411
6095	5412
5530	5413
6012	5414
5198	5415
8820	5416
6392	5417
637	5418
8170	5419
5797	5420
5808	5421
4339	5422
7963	5423
9551	5424
1342	5425
5446	5426
8423	5427
9638	5428
5117	5429
7777	5430
1494	5431
3820	5432
3232	5433
3506	5434
6979	5435
723	5436
3272	5437
7091	5438
4456	5439
2286	5440
2296	5441
4746	5442
4597	5443
9371	5444
8408	5445
7855	5446
5156	5447
6847	5448
3340	5449
7926	5450
3122	5451
5059	5452
6596	5453
9139	5454
3920	5455
629	5456
3045	5457
3442	5458
8674	5459
6758	5460
1309	5461
6757	5462
6436	5463
9168	5464
5371	5465
6753	5466
5645	5467
4410	5468
4405	5469
1957	5470
214	5471
316	5472
1421	5473
1487	5474
5733	5475
8721	5476
1410	5477
7594	5478
9619	5479
6741	5480
700	5481
648	5482
7440	5483
2869	5484
5788	5485
279	5486
8249	5487
555	5488
7167	5489
4623	5490
2350	5491
4782	5492
6709	5493
624	5494
3858	5495
2189	5496
3165	5497
8622	5498
4615	5499
3276	5500
9698	5501
4	5502
3585	5503
7925	5504
6458	5505
5264	5506
1188	5507
4858	5508
4573	5509
2423	5510
6697	5511
2853	5512
2022	5513
7739	5514
3142	5515
8083	5516
3465	5517
3139	5518
5906	5519
1050	5520
6721	5521
2413	5522
9102	5523
2004	5524
8361	5525
6427	5526
1792	5527
9	5528
5350	5529
2574	5530
3927	5531
3214	5532
4600	5533
2162	5534
8844	5535
9609	5536
8266	5537
297	5538
1518	5539
6844	5540
3943	5541
6206	5542
6394	5543
7840	5544
7301	5545
7418	5546
8032	5547
9496	5548
8726	5549
6974	5550
2924	5551
2981	5552
5310	5553
6052	5554
5436	5555
6440	5556
2259	5557
54	5558
3370	5559
150	5560
8211	5561
2831	5562
529	5563
5090	5564
5996	5565
2875	5566
9238	5567
9232	5568
3099	5569
2804	5570
6077	5571
9151	5572
89	5573
4720	5574
1923	5575
9080	5576
8855	5577
6591	5578
7761	5579
8087	5580
4672	5581
3725	5582
4310	5583
355	5584
7993	5585
934	5586
5718	5587
4019	5588
7662	5589
8847	5590
3573	5591
6731	5592
5846	5593
5899	5594
7927	5595
2939	5596
7482	5597
8549	5598
6956	5599
44	5600
8667	5601
967	5602
7109	5603
492	5604
6692	5605
7629	5606
5147	5607
7757	5608
155	5609
3607	5610
4572	5611
1848	5612
2507	5613
3989	5614
4890	5615
247	5616
9805	5617
472	5618
5650	5619
1364	5620
3890	5621
450	5622
2302	5623
8827	5624
6639	5625
6068	5626
9684	5627
7151	5628
9408	5629
1790	5630
2300	5631
8929	5632
708	5633
6154	5634
8379	5635
1990	5636
7185	5637
4160	5638
9015	5639
1716	5640
3891	5641
5186	5642
2678	5643
8110	5644
1215	5645
1238	5646
9173	5647
7808	5648
4018	5649
6700	5650
7817	5651
695	5652
7144	5653
8131	5654
365	5655
8824	5656
1874	5657
6884	5658
35	5659
2746	5660
883	5661
2295	5662
6658	5663
4700	5664
3666	5665
1768	5666
8460	5667
4722	5668
6740	5669
4131	5670
3807	5671
9024	5672
7879	5673
2931	5674
724	5675
6387	5676
9672	5677
7655	5678
4564	5679
6856	5680
1265	5681
451	5682
8593	5683
5515	5684
7070	5685
8562	5686
7826	5687
7712	5688
3588	5689
6144	5690
8307	5691
6870	5692
4507	5693
7141	5694
3484	5695
5124	5696
3658	5697
4204	5698
6589	5699
6442	5700
4264	5701
5345	5702
9336	5703
1067	5704
3275	5705
8687	5706
4814	5707
3841	5708
7229	5709
7119	5710
3825	5711
5192	5712
9209	5713
4753	5714
4762	5715
4972	5716
1735	5717
175	5718
198	5719
7255	5720
6162	5721
5611	5722
102	5723
19	5724
2854	5725
137	5726
7258	5727
8519	5728
510	5729
5104	5730
3279	5731
1645	5732
894	5733
7351	5734
2463	5735
4011	5736
7638	5737
1602	5738
6140	5739
4385	5740
4867	5741
9747	5742
6986	5743
8850	5744
6796	5745
6261	5746
8841	5747
8046	5748
4219	5749
6152	5750
6348	5751
9122	5752
9104	5753
2271	5754
8571	5755
5289	5756
4208	5757
7105	5758
6909	5759
7310	5760
3412	5761
6899	5762
3160	5763
7907	5764
8918	5765
2685	5766
8689	5767
3249	5768
8876	5769
8466	5770
437	5771
6381	5772
1189	5773
6477	5774
3510	5775
806	5776
2058	5777
3041	5778
527	5779
1105	5780
4247	5781
8289	5782
9383	5783
1866	5784
4980	5785
47	5786
1470	5787
311	5788
4112	5789
811	5790
9557	5791
7749	5792
9017	5793
1486	5794
4302	5795
2334	5796
8975	5797
1671	5798
2595	5799
856	5800
6374	5801
7981	5802
2031	5803
4238	5804
5670	5805
8044	5806
7670	5807
6735	5808
2604	5809
4147	5810
6942	5811
8326	5812
4220	5813
7007	5814
3833	5815
5217	5816
7318	5817
4905	5818
9398	5819
2328	5820
2508	5821
6853	5822
2672	5823
6196	5824
9407	5825
3101	5826
4630	5827
2838	5828
9365	5829
1883	5830
1020	5831
663	5832
3196	5833
5369	5834
2265	5835
238	5836
21	5837
8778	5838
5269	5839
2396	5840
6520	5841
1853	5842
3631	5843
5618	5844
7394	5845
4724	5846
2088	5847
6388	5848
8413	5849
7448	5850
3681	5851
8941	5852
8555	5853
8506	5854
9544	5855
4047	5856
3356	5857
9749	5858
1141	5859
8717	5860
9768	5861
5628	5862
6293	5863
9596	5864
2943	5865
8300	5866
5176	5867
9573	5868
8730	5869
2311	5870
3168	5871
925	5872
9432	5873
6651	5874
4073	5875
8468	5876
544	5877
873	5878
4277	5879
6542	5880
971	5881
6647	5882
3362	5883
1296	5884
3546	5885
7561	5886
9378	5887
3014	5888
1176	5889
2372	5890
892	5891
4043	5892
3584	5893
1904	5894
6848	5895
6572	5896
4703	5897
4520	5898
8967	5899
7778	5900
4567	5901
9097	5902
903	5903
5892	5904
5870	5905
6600	5906
1906	5907
5697	5908
9682	5909
8492	5910
5763	5911
9006	5912
3724	5913
6014	5914
5479	5915
7004	5916
8152	5917
4660	5918
9655	5919
9249	5920
7770	5921
6610	5922
2547	5923
5564	5924
8933	5925
2929	5926
8957	5927
1786	5928
1329	5929
1193	5930
8582	5931
6795	5932
2087	5933
7611	5934
8945	5935
4990	5936
8427	5937
5527	5938
2032	5939
1976	5940
2342	5941
8077	5942
3283	5943
2248	5944
9613	5945
3131	5946
6415	5947
4022	5948
3436	5949
1682	5950
6774	5951
9840	5952
1521	5953
194	5954
1741	5955
6459	5956
5045	5957
2403	5958
3308	5959
7782	5960
8894	5961
8422	5962
2074	5963
7595	5964
1168	5965
58	5966
6425	5967
7147	5968
1770	5969
9566	5970
8160	5971
1049	5972
6690	5973
4485	5974
8781	5975
136	5976
675	5977
5619	5978
330	5979
2138	5980
7251	5981
6356	5982
8137	5983
2042	5984
822	5985
4411	5986
6409	5987
8476	5988
5308	5989
5050	5990
3480	5991
4601	5992
2510	5993
3528	5994
1846	5995
4638	5996
1973	5997
3170	5998
9290	5999
8480	6000
5814	6001
7083	6002
6255	6003
7801	6004
1217	6005
2249	6006
4833	6007
2362	6008
9816	6009
6670	6010
6904	6011
501	6012
4674	6013
436	6014
4770	6015
9291	6016
3379	6017
3910	6018
919	6019
5178	6020
6075	6021
5593	6022
3742	6023
4911	6024
2752	6025
1865	6026
4743	6027
5680	6028
127	6029
3823	6030
1159	6031
5522	6032
4240	6033
8226	6034
566	6035
7755	6036
3805	6037
4900	6038
8762	6039
46	6040
513	6041
821	6042
4625	6043
3466	6044
8060	6045
8839	6046
2475	6047
6210	6048
1285	6049
6296	6050
966	6051
6705	6052
2528	6053
7160	6054
9038	6055
4861	6056
4180	6057
3930	6058
4295	6059
8325	6060
7333	6061
4751	6062
5415	6063
9774	6064
5421	6065
3048	6066
6391	6067
1068	6068
2751	6069
2664	6070
1344	6071
2477	6072
2493	6073
6100	6074
3024	6075
7759	6076
2008	6077
2670	6078
3848	6079
1840	6080
8123	6081
2090	6082
5691	6083
4117	6084
588	6085
4395	6086
8399	6087
4467	6088
6869	6089
3970	6090
8113	6091
2706	6092
1563	6093
3922	6094
2373	6095
9587	6096
459	6097
4396	6098
6251	6099
8138	6100
9801	6101
2217	6102
8203	6103
3437	6104
7400	6105
5563	6106
8417	6107
6643	6108
9106	6109
5474	6110
4265	6111
8054	6112
8421	6113
3516	6114
9838	6115
7155	6116
8089	6117
4850	6118
4311	6119
2967	6120
8254	6121
425	6122
5978	6123
6457	6124
4460	6125
1715	6126
3662	6127
245	6128
8823	6129
1024	6130
3791	6131
8310	6132
276	6133
2047	6134
6393	6135
1574	6136
8740	6137
9637	6138
2834	6139
908	6140
3692	6141
8932	6142
7588	6143
9754	6144
8073	6145
6702	6146
7172	6147
1379	6148
615	6149
946	6150
668	6151
4005	6152
6578	6153
5285	6154
7519	6155
5503	6156
3327	6157
1785	6158
3221	6159
7700	6160
5739	6161
7060	6162
3914	6163
1594	6164
7111	6165
7068	6166
5803	6167
9833	6168
8141	6169
5577	6170
6175	6171
9126	6172
8409	6173
359	6174
452	6175
7985	6176
3789	6177
8101	6178
8814	6179
8725	6180
6239	6181
6338	6182
9836	6183
6258	6184
1417	6185
5354	6186
9640	6187
7371	6188
5409	6189
3649	6190
5954	6191
1550	6192
8764	6193
1838	6194
9053	6195
3515	6196
9570	6197
6881	6198
3929	6199
3134	6200
6836	6201
3021	6202
7914	6203
8240	6204
6273	6205
4457	6206
8677	6207
2996	6208
1852	6209
9481	6210
9084	6211
1165	6212
5965	6213
371	6214
8822	6215
61	6216
1459	6217
1419	6218
13	6219
6859	6220
4949	6221
5933	6222
7423	6223
7232	6224
4052	6225
1429	6226
2258	6227
6987	6228
3991	6229
3752	6230
8777	6231
49	6232
2384	6233
1920	6234
3263	6235
2346	6236
2557	6237
1982	6238
1886	6239
6480	6240
4331	6241
8996	6242
2382	6243
4215	6244
6973	6245
1299	6246
6445	6247
7602	6248
8255	6249
9616	6250
6882	6251
6807	6252
9697	6253
1382	6254
8311	6255
7975	6256
9368	6257
69	6258
5060	6259
2437	6260
3718	6261
3300	6262
9745	6263
102	6264
7832	6265
8817	6266
2515	6267
8806	6268
9671	6269
33	6270
7819	6271
3749	6272
6712	6273
3084	6274
2530	6275
2053	6276
7389	6277
2109	6278
4224	6279
6583	6280
7367	6281
5431	6282
1337	6283
6131	6284
7016	6285
5904	6286
3555	6287
1498	6288
253	6289
1149	6290
3826	6291
1686	6292
8733	6293
5895	6294
9678	6295
1373	6296
8368	6297
8130	6298
9526	6299
9393	6300
5873	6301
5002	6302
4104	6303
9369	6304
7898	6305
7950	6306
9707	6307
714	6308
3102	6309
7933	6310
1	6311
7380	6312
2089	6313
9732	6314
7384	6315
2400	6316
9354	6317
3876	6318
1092	6319
9040	6320
6031	6321
2705	6322
7271	6323
8919	6324
975	6325
6483	6326
572	6327
6484	6328
3635	6329
2426	6330
5197	6331
1515	6332
5333	6333
8811	6334
5884	6335
1525	6336
1428	6337
7	6338
9149	6339
9136	6340
7236	6341
9761	6342
3138	6343
6522	6344
117	6345
2309	6346
985	6347
5830	6348
8942	6349
6390	6350
9434	6351
7426	6352
1727	6353
2367	6354
6212	6355
8081	6356
3949	6357
4226	6358
8363	6359
6073	6360
941	6361
2636	6362
2415	6363
827	6364
4963	6365
374	6366
7417	6367
1857	6368
6554	6369
1223	6370
6803	6371
5472	6372
9594	6373
3540	6374
8252	6375
8392	6376
1393	6377
1391	6378
8059	6379
8186	6380
5837	6381
535	6382
3928	6383
3312	6384
4506	6385
271	6386
3860	6387
2365	6388
604	6389
6910	6390
8680	6391
9492	6392
558	6393
4281	6394
1155	6395
303	6396
1693	6397
5329	6398
8175	6399
1480	6400
1707	6401
2404	6402
7471	6403
288	6404
8093	6405
136	6406
4053	6407
269	6408
6671	6409
5558	6410
3153	6411
9518	6412
400	6413
1045	6414
6407	6415
6675	6416
1986	6417
1264	6418
5783	6419
1385	6420
9293	6421
9081	6422
1435	6423
4056	6424
5235	6425
5759	6426
7806	6427
5916	6428
4004	6429
9394	6430
4398	6431
3657	6432
3696	6433
6961	6434
7643	6435
230	6436
3904	6437
653	6438
8463	6439
3665	6440
7747	6441
6673	6442
5857	6443
8474	6444
2355	6445
9197	6446
5268	6447
3994	6448
2823	6449
5990	6450
2459	6451
4170	6452
3052	6453
3444	6454
1069	6455
4245	6456
3005	6457
8789	6458
657	6459
3579	6460
6022	6461
50	6462
869	6463
1108	6464
5722	6465
3548	6466
9296	6467
2812	6468
4322	6469
6992	6470
1922	6471
7967	6472
2777	6473
6657	6474
200	6475
3757	6476
5489	6477
2327	6478
3200	6479
3764	6480
6645	6481
7178	6482
4936	6483
1292	6484
2313	6485
8179	6486
8801	6487
5255	6488
5441	6489
9127	6490
1762	6491
7716	6492
3262	6493
7845	6494
6289	6495
5845	6496
3945	6497
1009	6498
1224	6499
4230	6500
4336	6501
8020	6502
3778	6503
5498	6504
6627	6505
3010	6506
737	6507
3608	6508
8586	6509
57	6510
6694	6511
9584	6512
5330	6513
1187	6514
4376	6515
661	6516
3278	6517
5698	6518
5307	6519
2603	6520
1263	6521
4654	6522
4715	6523
5095	6524
1662	6525
3182	6526
9437	6527
8288	6528
221	6529
7349	6530
8590	6531
7344	6532
8928	6533
6218	6534
1655	6535
1745	6536
84	6537
6985	6538
8515	6539
20	6540
2587	6541
9346	6542
1624	6543
3549	6544
870	6545
4708	6546
8079	6547
7149	6548
267	6549
1527	6550
9012	6551
854	6552
6595	6553
6058	6554
5782	6555
2174	6556
5730	6557
5706	6558
1003	6559
9093	6560
4319	6561
3556	6562
6469	6563
5111	6564
2666	6565
2237	6566
2497	6567
8109	6568
1616	6569
6019	6570
2780	6571
401	6572
2108	6573
7427	6574
3062	6575
4687	6576
1590	6577
798	6578
5692	6579
5790	6580
8445	6581
1018	6582
3195	6583
2783	6584
1354	6585
69	6586
5066	6587
3894	6588
6672	6589
4227	6590
3258	6591
6990	6592
764	6593
3512	6594
8061	6595
2348	6596
70	6597
2010	6598
6683	6599
7089	6600
4274	6601
6644	6602
6481	6603
8498	6604
7524	6605
6556	6606
8947	6607
1307	6608
4212	6609
5789	6610
6913	6611
6133	6612
5582	6613
1156	6614
7723	6615
4683	6616
5387	6617
9257	6618
8420	6619
6624	6620
8625	6621
7957	6622
9494	6623
4576	6624
6637	6625
4477	6626
8324	6627
5876	6628
9546	6629
9045	6630
6178	6631
9414	6632
4352	6633
3105	6634
4851	6635
4955	6636
1723	6637
1819	6638
9548	6639
6788	6640
1721	6641
4794	6642
9265	6643
1433	6644
1491	6645
2460	6646
6130	6647
1423	6648
298	6649
4079	6650
1412	6651
1072	6652
3513	6653
8588	6654
1230	6655
5402	6656
3184	6657
520	6658
4604	6659
1135	6660
100	6661
3792	6662
6299	6663
7328	6664
2765	6665
685	6666
8599	6667
4221	6668
8315	6669
5944	6670
241	6671
9522	6672
2521	6673
96	6674
3333	6675
352	6676
3373	6677
121	6678
9431	6679
5301	6680
8259	6681
8792	6682
6970	6683
6828	6684
6235	6685
3618	6686
7484	6687
4516	6688
4765	6689
6176	6690
1681	6691
259	6692
5477	6693
4470	6694
1039	6695
8809	6696
3529	6697
5025	6698
9478	6699
2768	6700
6172	6701
3181	6702
1558	6703
3178	6704
8230	6705
4466	6706
4296	6707
6247	6708
9651	6709
466	6710
911	6711
3790	6712
5067	6713
9219	6714
1448	6715
1936	6716
9681	6717
9589	6718
8366	6719
9078	6720
9788	6721
3280	6722
751	6723
7897	6724
2068	6725
4988	6726
8302	6727
3954	6728
1713	6729
8899	6730
7153	6731
2375	6732
8505	6733
1684	6734
4483	6735
757	6736
5382	6737
949	6738
4959	6739
1157	6740
8215	6741
3837	6742
2298	6743
4826	6744
8444	6745
3687	6746
929	6747
5632	6748
5253	6749
5856	6750
619	6751
8491	6752
671	6753
4325	6754
7134	6755
9332	6756
3897	6757
4551	6758
9276	6759
6050	6760
1597	6761
4382	6762
7871	6763
9511	6764
2356	6765
777	6766
6473	6767
6217	6768
9196	6769
9720	6770
8434	6771
34	6772
4067	6773
5596	6774
1449	6775
7710	6776
7612	6777
2758	6778
5146	6779
5091	6780
6587	6781
8111	6782
9004	6783
1804	6784
7539	6785
9125	6786
7713	6787
5070	6788
2017	6789
3768	6790
8865	6791
3878	6792
6045	6793
5894	6794
4785	6795
7953	6796
1037	6797
2070	6798
5134	6799
5767	6800
6771	6801
3885	6802
5776	6803
2773	6804
3694	6805
5809	6806
8513	6807
9275	6808
8397	6809
8303	6810
2184	6811
8544	6812
7270	6813
553	6814
2961	6815
5677	6816
333	6817
7284	6818
9515	6819
9632	6820
7622	6821
8612	6822
8949	6823
2177	6824
3642	6825
3865	6826
7000	6827
114	6828
706	6829
4776	6830
3345	6831
6706	6832
3944	6833
4139	6834
8898	6835
2359	6836
7196	6837
6601	6838
7402	6839
20	6840
3563	6841
5672	6842
3947	6843
5562	6844
237	6845
4448	6846
7208	6847
5910	6848
2597	6849
2481	6850
8280	6851
7858	6852
4425	6853
8273	6854
7048	6855
1253	6856
2721	6857
990	6858
9665	6859
1582	6860
4278	6861
667	6862
234	6863
4222	6864
6208	6865
1944	6866
9599	6867
8143	6868
7900	6869
7486	6870
785	6871
31	6872
2828	6873
5138	6874
7590	6875
8690	6876
1202	6877
2674	6878
6743	6879
1613	6880
9345	6881
1606	6882
2420	6883
5526	6884
7754	6885
4115	6886
8396	6887
910	6888
306	6889
3054	6890
9399	6891
430	6892
7996	6893
6059	6894
6120	6895
404	6896
3583	6897
3979	6898
3504	6899
2216	6900
7224	6901
9579	6902
7852	6903
199	6904
6748	6905
4839	6906
1929	6907
9167	6908
7282	6909
2490	6910
9611	6911
1132	6912
8308	6913
7348	6914
5445	6915
7446	6916
5106	6917
9333	6918
2573	6919
8264	6920
8675	6921
6958	6922
5195	6923
3814	6924
16	6925
4332	6926
2645	6927
5586	6928
6811	6929
9441	6930
9605	6931
3068	6932
5911	6933
3911	6934
7011	6935
5668	6936
2102	6937
7573	6938
130	6939
3523	6940
3157	6941
4924	6942
4619	6943
6018	6944
8194	6945
8587	6946
3892	6947
6163	6948
8862	6949
58	6950
5643	6951
3981	6952
4812	6953
6106	6954
9325	6955
4432	6956
8447	6957
460	6958
1631	6959
8202	6960
5466	6961
4177	6962
8349	6963
8329	6964
6885	6965
3479	6966
309	6967
577	6968
6479	6969
1592	6970
3441	6971
3627	6972
2728	6973
8277	6974
9653	6975
5728	6976
6190	6977
6192	6978
30	6979
9817	6980
9367	6981
3448	6982
1281	6983
7580	6984
6285	6985
3958	6986
3020	6987
7248	6988
4974	6989
8440	6990
1584	6991
1240	6992
8126	6993
2890	6994
8242	6995
8210	6996
589	6997
8185	6998
9673	6999
8863	7000
820	7001
7942	7002
6314	7003
1291	7004
6111	7005
1065	7006
4282	7007
5602	7008
8746	7009
5685	7010
9735	7011
6863	7012
1638	7013
6282	7014
8986	7015
5366	7016
50	7017
6220	7018
5853	7019
1813	7020
3888	7021
7354	7022
4653	7023
2667	7024
5168	7025
1051	7026
9220	7027
8528	7028
5132	7029
1363	7030
3140	7031
7989	7032
145	7033
3030	7034
282	7035
3817	7036
469	7037
6606	7038
4932	7039
3896	7040
4451	7041
8220	7042
9248	7043
7544	7044
2912	7045
6751	7046
4503	7047
2021	7048
8018	7049
3703	7050
9204	7051
6437	7052
9495	7053
4303	7054
6801	7055
46	7056
312	7057
7809	7058
9809	7059
8011	7060
1660	7061
7820	7062
3185	7063
464	7064
8517	7065
7878	7066
6107	7067
5589	7068
4097	7069
9446	7070
6924	7071
2219	7072
7213	7073
2500	7074
9254	7075
6143	7076
6267	7077
7861	7078
7100	7079
7080	7080
5720	7081
2935	7082
7177	7083
1806	7084
3004	7085
7811	7086
215	7087
4796	7088
1890	7089
2330	7090
738	7091
3808	7092
7292	7093
5327	7094
9737	7095
1680	7096
3525	7097
8786	7098
5708	7099
7566	7100
9497	7101
599	7102
1710	7103
8241	7104
6886	7105
8557	7106
45	7107
718	7108
1633	7109
7838	7110
3395	7111
1262	7112
1388	7113
2512	7114
217	7115
9413	7116
4366	7117
1225	7118
912	7119
4684	7120
8748	7121
3389	7122
7387	7123
5847	7124
8070	7125
3473	7126
3108	7127
8885	7128
123	7129
4260	7130
1672	7131
8174	7132
9282	7133
2713	7134
7790	7135
6319	7136
5487	7137
7156	7138
8542	7139
2297	7140
4627	7141
5233	7142
2274	7143
8620	7144
5249	7145
1211	7146
2712	7147
6249	7148
2799	7149
8927	7150
8245	7151
9379	7152
1011	7153
9343	7154
5232	7155
1730	7156
2213	7157
9187	7158
7929	7159
53	7160
3797	7161
90	7162
8703	7163
518	7164
3733	7165
5458	7166
427	7167
4266	7168
8299	7169
8050	7170
9031	7171
6170	7172
4613	7173
8462	7174
3445	7175
3186	7176
4102	7177
4533	7178
1760	7179
5323	7180
8913	7181
5745	7182
6403	7183
9124	7184
3176	7185
1673	7186
2598	7187
3521	7188
2207	7189
1942	7190
6263	7191
8708	7192
9576	7193
9459	7194
1028	7195
7587	7196
6976	7197
4899	7198
5475	7199
1380	7200
2782	7201
280	7202
3898	7203
9121	7204
2835	7205
3857	7206
3025	7207
9715	7208
140	7209
443	7210
3489	7211
922	7212
9174	7213
888	7214
24	7215
5974	7216
5952	7217
211	7218
875	7219
3008	7220
7928	7221
9268	7222
8670	7223
5206	7224
8897	7225
2619	7226
3937	7227
6499	7228
5158	7229
1345	7230
2839	7231
228	7232
2977	7233
9066	7234
5903	7235
3705	7236
4891	7237
6941	7238
9243	7239
4855	7240
2657	7241
4591	7242
8276	7243
8782	7244
862	7245
4086	7246
8731	7247
9114	7248
784	7249
4923	7250
7613	7251
2864	7252
3895	7253
2610	7254
6548	7255
9666	7256
3438	7257
7103	7258
4513	7259
9595	7260
3148	7261
1642	7262
2339	7263
1357	7264
5652	7265
5484	7266
1964	7267
7265	7268
6312	7269
3637	7270
2591	7271
7463	7272
5166	7273
6286	7274
6636	7275
1062	7276
3173	7277
969	7278
4797	7279
367	7280
6047	7281
6463	7282
2452	7283
1406	7284
8835	7285
3589	7286
84	7287
2127	7288
414	7289
2007	7290
2116	7291
8022	7292
6087	7293
3293	7294
4381	7295
3396	7296
2984	7297
8534	7298
1218	7299
6784	7300
5419	7301
6470	7302
1164	7303
9375	7304
2844	7305
4349	7306
9194	7307
6307	7308
9316	7309
2676	7310
5644	7311
6030	7312
2576	7313
2035	7314
6357	7315
9334	7316
144	7317
9370	7318
5339	7319
2223	7320
5917	7321
6531	7322
3022	7323
2427	7324
9603	7325
5448	7326
5752	7327
3877	7328
3292	7329
5074	7330
6608	7331
99	7332
2770	7333
3393	7334
7036	7335
4546	7336
5473	7337
4493	7338
4032	7339
633	7340
3779	7341
7223	7342
8871	7343
72	7344
4213	7345
3591	7346
6274	7347
9624	7348
7752	7349
6398	7350
1477	7351
2520	7352
7179	7353
5742	7354
5427	7355
8697	7356
2037	7357
7	7358
5836	7359
5713	7360
7450	7361
8705	7362
651	7363
7433	7364
8681	7365
7506	7366
3085	7367
8006	7368
4125	7369
3683	7370
3561	7371
4371	7372
345	7373
6503	7374
1753	7375
6298	7376
4550	7377
8068	7378
7245	7379
4643	7380
6687	7381
442	7382
2897	7383
3391	7384
7220	7385
446	7386
526	7387
1226	7388
2526	7389
2580	7390
8662	7391
454	7392
754	7393
7003	7394
8478	7395
2057	7396
5052	7397
4246	7398
4777	7399
9087	7400
1608	7401
612	7402
7690	7403
2005	7404
9540	7405
7290	7406
701	7407
5772	7408
4629	7409
80	7410
9256	7411
1473	7412
3861	7413
8451	7414
8062	7415
1876	7416
5032	7417
4873	7418
4129	7419
3646	7420
364	7421
3570	7422
6511	7423
6552	7424
6323	7425
7773	7426
659	7427
1493	7428
4035	7429
9790	7430
9521	7431
4145	7432
8664	7433
5319	7434
9152	7435
8997	7436
4417	7437
1862	7438
1002	7439
7020	7440
5796	7441
8415	7442
7363	7443
132	7444
120	7445
7029	7446
188	7447
8183	7448
8456	7449
5086	7450
3019	7451
3678	7452
5587	7453
3188	7454
457	7455
2729	7456
5272	7457
1207	7458
2543	7459
350	7460
7684	7461
2989	7462
64	7463
7745	7464
8375	7465
2798	7466
9850	7467
4608	7468
3113	7469
1997	7470
3255	7471
3707	7472
7668	7473
5424	7474
7352	7475
679	7476
6662	7477
8084	7478
7545	7479
7182	7480
1227	7481
1488	7482
1824	7483
935	7484
3316	7485
4340	7486
5810	7487
8477	7488
4622	7489
1595	7490
8920	7491
3	7492
6127	7493
920	7494
626	7495
487	7496
6311	7497
7672	7498
1628	7499
4592	7500
6155	7501
66	7502
4578	7503
1585	7504
5800	7505
86	7506
9039	7507
2202	7508
1075	7509
5690	7510
4217	7511
2370	7512
1320	7513
4312	7514
7188	7515
1091	7516
8605	7517
3320	7518
7464	7519
3590	7520
1977	7521
5245	7522
8640	7523
9839	7524
8785	7525
4652	7526
2616	7527
3365	7528
2250	7529
5346	7530
3756	7531
9049	7532
7407	7533
9455	7534
592	7535
7174	7536
9819	7537
8204	7538
3691	7539
6708	7540
3039	7541
5747	7542
8118	7543
4314	7544
5961	7545
3403	7546
2529	7547
2626	7548
9188	7549
999	7550
3246	7551
4308	7552
1089	7553
8864	7554
187	7555
7034	7556
843	7557
1549	7558
3123	7559
6295	7560
1519	7561
3963	7562
6486	7563
3208	7564
5576	7565
5636	7566
778	7567
1327	7568
8939	7569
292	7570
746	7571
5785	7572
2994	7573
4000	7574
3080	7575
2819	7576
8551	7577
7052	7578
9135	7579
9680	7580
302	7581
6734	7582
7079	7583
1360	7584
8663	7585
4348	7586
9727	7587
1213	7588
9385	7589
81	7590
3537	7591
1675	7592
3569	7593
9025	7594
4258	7595
2881	7596
6837	7597
2199	7598
977	7599
6630	7600
4747	7601
5348	7602
3282	7603
789	7604
4617	7605
3197	7606
2142	7607
788	7608
3050	7609
6246	7610
5085	7611
1447	7612
9406	7613
2794	7614
2634	7615
1180	7616
565	7617
2750	7618
4490	7619
9750	7620
9423	7621
1451	7622
67	7623
2993	7624
8849	7625
7823	7626
8125	7627
7275	7628
5169	7629
7841	7630
8558	7631
8791	7632
6649	7633
1130	7634
4960	7635
952	7636
7870	7637
9020	7638
2593	7639
5299	7640
9200	7641
2335	7642
1596	7643
3834	7644
10	7645
107	7646
7731	7647
6243	7648
2267	7649
9827	7650
2796	7651
9141	7652
1821	7653
6861	7654
4148	7655
6109	7656
1802	7657
5600	7658
3191	7659
5818	7660
5309	7661
2136	7662
4983	7663
6707	7664
1524	7665
1411	7666
1198	7667
7150	7668
2238	7669
9022	7670
7272	7671
1271	7672
516	7673
5552	7674
9549	7675
7332	7676
2956	7677
8603	7678
1288	7679
3622	7680
1172	7681
6384	7682
6166	7683
9657	7684
467	7685
5514	7686
5741	7687
6347	7688
1975	7689
4792	7690
7677	7691
9460	7692
3177	7693
5131	7694
5082	7695
2135	7696
844	7697
490	7698
8600	7699
6945	7700
5152	7701
6389	7702
6125	7703
3397	7704
692	7705
5263	7706
8136	7707
2969	7708
3377	7709
4351	7710
6429	7711
5717	7712
5026	7713
4055	7714
1634	7715
1151	7716
7784	7717
1171	7718
6912	7719
7918	7720
7867	7721
1626	7722
1383	7723
7452	7724
2643	7725
1351	7726
9558	7727
6875	7728
3215	7729
4468	7730
4446	7731
2470	7732
8836	7733
7560	7734
6421	7735
4505	7736
924	7737
2843	7738
4233	7739
7081	7740
2130	7741
9778	7742
4729	7743
4267	7744
4749	7745
5500	7746
7421	7747
9703	7748
3624	7749
346	7750
6016	7751
7882	7752
4343	7753
2033	7754
9191	7755
2073	7756
8487	7757
6959	7758
8810	7759
3993	7760
3673	7761
6665	7762
9583	7763
7437	7764
1589	7765
7347	7766
1096	7767
387	7768
6525	7769
7664	7770
4987	7771
2505	7772
1205	7773
278	7774
5804	7775
9207	7776
6186	7777
2548	7778
6396	7779
9851	7780
1464	7781
4970	7782
7181	7783
1818	7784
6616	7785
666	7786
3267	7787
3951	7788
6268	7789
45	7790
94	7791
6891	7792
3686	7793
2840	7794
791	7795
5617	7796
551	7797
2156	7798
125	7799
963	7800
6450	7801
6652	7802
6333	7803
3299	7804
932	7805
1737	7806
3739	7807
1367	7808
4255	7809
9734	7810
3809	7811
1814	7812
191	7813
9028	7814
9388	7815
3413	7816
3592	7817
3309	7818
8983	7819
2023	7820
4078	7821
2940	7822
9534	7823
182	7824
5201	7825
9321	7826
14	7827
1047	7828
5770	7829
3614	7830
3259	7831
3033	7832
6214	7833
1774	7834
797	7835
6482	7836
1677	7837
6349	7838
6752	7839
6981	7840
4975	7841
6067	7842
2919	7843
669	7844
5294	7845
5486	7846
7325	7847
9100	7848
1788	7849
775	7850
5761	7851
6759	7852
7217	7853
5390	7854
8176	7855
8573	7856
4869	7857
3211	7858
5756	7859
5163	7860
6102	7861
8679	7862
5222	7863
3089	7864
8424	7865
2867	7866
3274	7867
6096	7868
5170	7869
4562	7870
662	7871
851	7872
141	7873
8556	7874
4528	7875
6563	7876
9225	7877
2763	7878
8567	7879
5298	7880
7511	7881
2445	7882
5123	7883
1758	7884
1887	7885
5017	7886
1474	7887
5559	7888
9299	7889
8287	7890
3969	7891
1571	7892
1800	7893
1757	7894
786	7895
2179	7896
4962	7897
3921	7898
9525	7899
1352	7900
9428	7901
4021	7902
7563	7903
8041	7904
2985	7905
7190	7906
6640	7907
7728	7908
6648	7909
3741	7910
709	7911
5651	7912
9647	7913
6478	7914
7013	7915
9458	7916
265	7917
1775	7918
4585	7919
7157	7920
1516	7921
5093	7922
6498	7923
5935	7924
5465	7925
9664	7926
6650	7927
1878	7928
1839	7929
4250	7930
2886	7931
3502	7932
541	7933
3708	7934
1273	7935
4436	7936
6020	7937
2884	7938
9203	7939
2278	7940
2241	7941
2212	7942
8661	7943
5513	7944
568	7945
1601	7946
6900	7947
5336	7948
5322	7949
2474	7950
6815	7951
3574	7952
5806	7953
5748	7954
205	7955
7908	7956
2226	7957
6800	7958
7184	7959
502	7960
397	7961
4403	7962
4275	7963
8548	7964
5664	7965
7148	7966
7441	7967
5826	7968
8458	7969
6669	7970
9847	7971
9085	7972
4510	7973
6790	7974
6877	7975
1842	7976
549	7977
1414	7978
8911	7979
9130	7980
4996	7981
4822	7982
8734	7983
2240	7984
4898	7985
5251	7986
1917	7987
4318	7988
801	7989
5868	7990
4677	7991
2709	7992
4239	7993
4015	7994
3224	7995
7475	7996
7477	7997
1422	7998
2827	7999
4009	8000
2536	8001
1831	8002
540	8003
1955	8004
4661	8005
4575	8006
9278	8007
83	8008
9260	8009
9625	8010
2453	8011
8756	8012
239	8013
113	8014
8970	8015
5647	8016
7868	8017
4889	8018
8998	8019
4681	8020
3212	8021
9056	8022
6433	8023
1836	8024
5958	8025
2143	8026
6613	8027
4445	8028
6506	8029
951	8030
3655	8031
1652	8032
2468	8033
4347	8034
9042	8035
7449	8036
6382	8037
8195	8038
6385	8039
7042	8040
4967	8041
628	8042
1701	8043
9812	8044
6749	8045
4313	8046
6157	8047
9304	8048
2442	8049
7064	8050
3663	8051
3887	8052
7893	8053
8518	8054
5695	8055
2256	8056
3040	8057
7297	8058
7835	8059
5537	8060
3386	8061
4183	8062
866	8063
59	8064
9283	8065
585	8066
6797	8067
6119	8068
4648	8069
8828	8070
7649	8071
5633	8072
2118	8073
6417	8074
1405	8075
7012	8076
1489	8077
7053	8078
5567	8079
3135	8080
5274	8081
5898	8082
2754	8083
7763	8084
6868	8085
4087	8086
3163	8087
7605	8088
1828	8089
5557	8090
3121	8091
118	8092
4474	8093
9252	8094
5393	8095
7686	8096
1445	8097
7221	8098
7106	8099
4885	8100
1070	8101
6316	8102
8736	8103
9461	8104
8182	8105
7737	8106
2131	8107
4116	8108
4804	8109
7383	8110
5043	8111
9452	8112
2658	8113
4879	8114
8330	8115
2731	8116
6226	8117
9845	8118
5262	8119
916	8120
9000	8121
5682	8122
1798	8123
4979	8124
2903	8125
5008	8126
7632	8127
988	8128
1073	8129
484	8130
8071	8131
3037	8132
9340	8133
8065	8134
2902	8135
1052	8136
8808	8137
1611	8138
5843	8139
3838	8140
9417	8141
5950	8142
2155	8143
5102	8144
170	8145
3612	8146
9400	8147
3471	8148
5199	8149
7033	8150
6915	8151
6618	8152
1640	8153
7939	8154
2551	8155
9228	8156
2742	8157
4206	8158
8604	8159
617	8160
1483	8161
104	8162
2262	8163
6729	8164
1978	8165
3375	8166
2538	8167
388	8168
5142	8169
8815	8170
8377	8171
9450	8172
4800	8173
1825	8174
7523	8175
7488	8176
1761	8177
1162	8178
676	8179
9181	8180
6656	8181
293	8182
5403	8183
570	8184
5089	8185
611	8186
3457	8187
4788	8188
6000	8189
5945	8190
13	8191
6799	8192
5005	8193
6026	8194
5173	8195
2711	8196
7729	8197
5679	8198
1782	8199
7072	8200
4070	8201
9604	8202
7465	8203
7114	8204
6514	8205
378	8206
8691	8207
2104	8208
1826	8209
1599	8210
5485	8211
4907	8212
4080	8213
1609	8214
5455	8215
6430	8216
5551	8217
1167	8218
7636	8219
6772	8220
7822	8221
2340	8222
8888	8223
7696	8224
6621	8225
2818	8226
2594	8227
693	8228
4823	8229
834	8230
2254	8231
8454	8232
8651	8233
909	8234
7972	8235
848	8236
9338	8237
8279	8238
878	8239
5805	8240
3712	8241
4883	8242
7128	8243
7850	8244
6512	8245
3158	8246
950	8247
4391	8248
7625	8249
2270	8250
7793	8251
4651	8252
9689	8253
9301	8254
3532	8255
65	8256
859	8257
7665	8258
7647	8259
68	8260
5666	8261
4106	8262
4685	8263
7528	8264
8565	8265
8943	8266
6789	8267
880	8268
8164	8269
5483	8270
4203	8271
8416	8272
981	8273
5583	8274
8995	8275
855	8276
3709	8277
9041	8278
1832	8279
7262	8280
5507	8281
6726	8282
7485	8283
4306	8284
3879	8285
6948	8286
1	8287
8944	8288
6960	8289
2180	8290
8955	8291
5548	8292
1946	8293
8685	8294
349	8295
8775	8296
8535	8297
7521	8298
2185	8299
900	8300
2119	8301
5819	8302
3786	8303
9569	8304
8630	8305
4444	8306
9016	8307
1356	8308
8946	8309
5440	8310
5248	8311
481	8312
8821	8313
9247	8314
332	8315
8956	8316
4424	8317
1728	8318
79	8319
2425	8320
4985	8321
9622	8322
3623	8323
9261	8324
4407	8325
5137	8326
8499	8327
5331	8328
684	8329
6838	8330
1690	8331
458	8332
5775	8333
8890	8334
1683	8335
4919	8336
8305	8337
9068	8338
4368	8339
7956	8340
2689	8341
1293	8342
5726	8343
9172	8344
4346	8345
1169	8346
2565	8347
39	8348
3736	8349
639	8350
6165	8351
1331	8352
6074	8353
9113	8354
1956	8355
7154	8356
3000	8357
3604	8358
9179	8359
819	8360
7401	8361
6141	8362
1796	8363
4791	8364
4383	8365
193	8366
2562	8367
6173	8368
9853	8369
3304	8370
7751	8371
9364	8372
816	8373
7626	8374
584	8375
7920	8376
6495	8377
6874	8378
1242	8379
23	8380
126	8381
732	8382
5223	8383
6011	8384
5536	8385
6197	8386
5420	8387
1026	8388
9111	8389
8579	8390
5437	8391
90	8392
6713	8393
1173	8394
7045	8395
8720	8396
984	8397
5174	8398
3744	8399
7331	8400
4416	8401
6716	8402
7919	8403
4884	8404
2874	8405
6364	8406
5335	8407
428	8408
4555	8409
2816	8410
4740	8411
1869	8412
6733	8413
9527	8414
781	8415
5694	8416
4023	8417
6088	8418
6628	8419
135	8420
7249	8421
1210	8422
341	8423
1078	8424
9120	8425
5320	8426
4288	8427
9229	8428
6494	8429
5377	8430
5608	8431
6225	8432
6121	8433
7289	8434
6126	8435
7553	8436
1257	8437
2245	8438
1472	8439
7635	8440
9115	8441
6081	8442
6553	8443
2857	8444
9721	8445
3668	8446
4998	8447
7273	8448
2726	8449
8830	8450
6475	8451
7941	8452
7916	8453
7145	8454
7497	8455
1318	8456
5064	8457
4872	8458
8538	8459
2579	8460
1648	8461
5234	8462
6326	8463
3360	8464
6930	8465
7135	8466
8076	8467
7435	8468
3576	8469
9131	8470
9007	8471
4881	8472
4582	8473
9477	8474
9480	8475
1249	8476
4433	8477
609	8478
3349	8479
810	8480
7505	8481
2786	8482
5004	8483
8224	8484
1350	8485
6720	8486
8504	8487
3090	8488
9533	8489
8903	8490
705	8491
2149	8492
1779	8493
4806	8494
7298	8495
4875	8496
890	8497
7037	8498
1820	8499
7764	8500
5533	8501
8122	8502
2450	8503
6966	8504
1548	8505
927	8506
9030	8507
1687	8508
8852	8509
720	8510
564	8511
7744	8512
37	8513
6070	8514
7210	8515
4409	8516
4992	8517
7699	8518
5041	8519
3031	8520
7056	8521
5376	8522
5021	8523
1732	8524
7514	8525
5709	8526
569	8527
4633	8528
1925	8529
5812	8530
2904	8531
4100	8532
391	8533
7509	8534
2210	8535
7722	8536
5984	8537
1854	8538
4495	8539
4469	8540
9227	8541
8382	8542
29	8543
4909	8544
994	8545
1952	8546
4301	8547
7241	8548
8092	8549
9822	8550
5852	8551
7726	8552
1201	8553
9311	8554
393	8555
3938	8556
3763	8557
2558	8558
3088	8559
8860	8560
6318	8561
2542	8562
4866	8563
12	8564
5550	8565
6964	8566
7902	8567
5073	8568
6432	8569
8455	8570
6805	8571
2077	8572
3968	8573
8658	8574
3109	8575
5160	8576
4228	8577
2856	8578
9662	8579
6845	8580
2451	8581
9538	8582
6275	8583
6402	8584
8100	8585
103	8586
1535	8587
2927	8588
5585	8589
2517	8590
4442	8591
6829	8592
4969	8593
2681	8594
471	8595
9430	8596
7958	8597
3710	8598
7844	8599
4142	8600
4037	8601
389	8602
5993	8603
2291	8604
3806	8605
7848	8606
965	8607
262	8608
2622	8609
219	8610
5326	8611
3536	8612
8154	8613
9785	8614
9054	8615
1304	8616
5655	8617
4781	8618
4276	8619
3695	8620
6544	8621
3727	8622
9465	8623
964	8624
7857	8625
4287	8626
9718	8627
3534	8628
2397	8629
4439	8630
2999	8631
7735	8632
2741	8633
8580	8634
749	8635
4488	8636
4235	8637
8707	8638
1040	8639
1178	8640
1013	8641
5492	8642
3754	8643
503	8644
7413	8645
4741	8646
634	8647
7382	8648
4973	8649
1146	8650
4815	8651
7575	8652
1809	8653
5010	8654
9633	8655
1841	8656
5135	8657
4957	8658
3144	8659
85	8660
5297	8661
8728	8662
8069	8663
6174	8664
1618	8665
9047	8666
5105	8667
60	8668
6549	8669
6586	8670
1469	8671
48	8672
2209	8673
774	8674
9070	8675
300	8676
2900	8677
6456	8678
9736	8679
2153	8680
3684	8681
1621	8682
7968	8683
2863	8684
177	8685
7405	8686
6952	8687
6337	8688
40	8689
4173	8690
4413	8691
3577	8692
8868	8693
5180	8694
2046	8695
5338	8696
7118	8697
8511	8698
8473	8699
2921	8700
3475	8701
2294	8702
3425	8703
3539	8704
128	8705
3875	8706
2181	8707
5971	8708
1174	8709
2224	8710
7206	8711
665	8712
9520	8713
8403	8714
3919	8715
5667	8716
2559	8717
3829	8718
3956	8719
6767	8720
7445	8721
6754	8722
5240	8723
7356	8724
1623	8725
9075	8726
5189	8727
2026	8728
111	8729
507	8730
8875	8731
3432	8732
7240	8733
8954	8734
4689	8735
2662	8736
9300	8737
745	8738
5623	8739
5807	8740
1999	8741
8229	8742
1551	8743
2485	8744
8404	8745
2208	8746
8742	8747
3517	8748
5639	8749
479	8750
9641	8751
6365	8752
2865	8753
6184	8754
6890	8755
1627	8756
8794	8757
6112	8758
222	8759
1968	8760
1104	8761
4158	8762
134	8763
5995	8764
6638	8765
6524	8766
8115	8767
1094	8768
716	8769
5154	8770
1780	8771
9109	8772
7491	8773
3553	8774
1756	8775
2024	8776
3132	8777
7609	8778
3905	8779
7627	8780
7688	8781
1043	8782
2732	8783
7202	8784
6093	8785
2710	8786
5292	8787
2509	8788
2473	8789
6804	8790
5824	8791
1279	8792
1953	8793
3606	8794
5716	8795
6680	8796
1907	8797
9755	8798
3761	8799
1605	8800
9132	8801
6230	8802
162	8803
2343	8804
2759	8805
7940	8806
8859	8807
1517	8808
6962	8809
8566	8810
455	8811
139	8812
6954	8813
8320	8814
995	8815
7090	8816
6103	8817
4329	8818
1528	8819
3967	8820
8678	8821
5714	8822
5784	8823
4372	8824
631	8825
7281	8826
3507	8827
3256	8828
7904	8829
9668	8830
9708	8831
6617	8832
5615	8833
256	8834
1306	8835
1321	8836
1432	8837
7674	8838
3893	8839
9352	8840
9186	8841
9339	8842
4695	8843
6764	8844
7503	8845
3701	8846
9362	8847
830	8848
2233	8849
9076	8850
5022	8851
1154	8852
4390	8853
3289	8854
6695	8855
3598	8856
9226	8857
5519	8858
2100	8859
6756	8860
6003	8861
3162	8862
6929	8863
4176	8864
5400	8865
1395	8866
9769	8867
5938	8868
1635	8869
7691	8870
6114	8871
4387	8872
1012	8873
3832	8874
1663	8875
4007	8876
4169	8877
2734	8878
6536	8879
8488	8880
8516	8881
8496	8882
390	8883
6983	8884
987	8885
2889	8886
3271	8887
7707	8888
9043	8889
8610	8890
1759	8891
1614	8892
6653	8893
2714	8894
9107	8895
8157	8896
1829	8897
2261	8898
8963	8899
3942	8900
4412	8901
766	8902
8659	8903
5151	8904
5766	8905
9730	8906
2440	8907
9344	8908
5193	8909
4846	8910
7074	8911
6397	8912
242	8913
4537	8914
3422	8915
6418	8916
8669	8917
4163	8918
6565	8919
2932	8920
3566	8921
3237	8922
8246	8923
9550	8924
7516	8925
4300	8926
108	8927
5802	8928
9485	8929
8882	8930
876	8931
10	8932
6980	8933
7307	8934
3079	8935
3977	8936
72	8937
3180	8938
6902	8939
489	8940
322	8941
8171	8942
1313	8943
9357	8944
8030	8945
5386	8946
1736	8947
1036	8948
98	8949
5	8950
815	8951
7531	8952
1319	8953
2679	8954
5825	8955
8453	8956
2200	8957
4730	8958
1066	8959
6198	8960
7955	8961
3605	8962
5992	8963
9825	8964
6598	8965
1783	8966
5422	8967
6116	8968
4773	8969
4257	8970
1144	8971
3231	8972
8135	8973
3172	8974
8258	8975
7336	8976
1588	8977
9009	8978
6327	8979
8114	8980
901	8981
6699	8982
2101	8983
4709	8984
3410	8985
500	8986
974	8987
4234	8988
7961	8989
6180	8990
9686	8991
6703	8992
8592	8993
2325	8994
1947	8995
7341	8996
1822	8997
6867	8998
323	8999
100	9000
4478	9001
9564	9002
1726	9003
494	9004
6588	9005
1507	9006
3251	9007
8774	9008
8912	9009
3693	9010
1431	9011
8993	9012
4621	9013
5681	9014
9456	9015
8272	9016
3456	9017
5829	9018
5413	9019
7616	9020
2111	9021
7124	9022
9140	9023
7308	9024
2371	9025
9448	9026
933	9027
8389	9028
9422	9029
9623	9030
8108	9031
5185	9032
2808	9033
2044	9034
75	9035
2401	9036
1692	9037
8646	9038
2083	9039
1442	9040
160	9041
1308	9042
2805	9043
7977	9044
5254	9045
2937	9046
8838	9047
1651	9048
5671	9049
7113	9050
817	9051
3250	9052
5425	9053
2381	9054
1127	9055
9302	9056
6914	9057
8693	9058
958	9059
2527	9060
2478	9061
361	9062
6105	9063
3906	9064
1079	9065
2623	9066
9349	9067
5702	9068
4455	9069
8497	9070
8866	9071
9620	9072
3179	9073
9798	9074
1834	9075
1972	9076
8116	9077
1492	9078
4027	9079
4928	9080
731	9081
6555	9082
9691	9083
6269	9084
8738	9085
5988	9086
7001	9087
3347	9088
7596	9089
9716	9090
4589	9091
14	9092
3497	9093
5003	9094
5139	9095
9810	9096
6822	9097
711	9098
8819	9099
1896	9100
996	9101
9513	9102
2446	9103
1751	9104
5049	9105
6238	9106
7718	9107
7717	9108
4737	9109
9117	9110
77	9111
9176	9112
2196	9113
9832	9114
2525	9115
7425	9116
41	9117
7600	9118
2028	9119
4014	9120
8623	9121
3751	9122
1192	9123
7129	9124
8000	9125
5946	9126
3643	9127
8672	9128
5332	9129
8010	9130
5821	9131
1583	9132
3240	9133
542	9134
5468	9135
902	9136
5408	9137
7212	9138
2922	9139
8200	9140
2069	9141
9240	9142
5705	9143
3495	9144
9824	9145
9433	9146
6570	9147
9134	9148
2195	9149
212	9150
6574	9151
5241	9152
7736	9153
8359	9154
1060	9155
115	9156
2968	9157
3601	9158
6906	9159
3150	9160
6361	9161
9493	9162
9005	9163
7136	9164
8003	9165
4290	9166
3032	9167
4	9168
1023	9169
3257	9170
6776	9171
1587	9172
5986	9173
7481	9174
2703	9175
3023	9176
2661	9177
3793	9178
6991	9179
6428	9180
4950	9181
8470	9182
6855	9183
2911	9184
1214	9185
192	9186
2692	9187
3490	9188
5925	9189
9758	9190
7278	9191
7434	9192
3026	9193
8431	9194
8102	9195
9843	9196
614	9197
3394	9198
4181	9199
7376	9200
9789	9201
561	9202
5816	9203
4128	9204
5092	9205
5792	9206
8449	9207
8265	9208
3268	9209
3296	9210
9561	9211
8723	9212
224	9213
3189	9214
6982	9215
5820	9216
7986	9217
8530	9218
1343	9219
3774	9220
3104	9221
4793	9222
9171	9223
3975	9224
5578	9225
6905	9226
9695	9227
4374	9228
3407	9229
1646	9230
3852	9231
9486	9232
3609	9233
6309	9234
852	9235
7330	9236
4697	9237
1856	9238
7291	9239
1565	9240
2399	9241
5470	9242
7579	9243
5616	9244
7666	9245
3281	9246
7358	9247
2942	9248
6562	9249
5042	9250
44	9251
8367	9252
5525	9253
7353	9254
165	9255
5313	9256
4103	9257
4338	9258
1228	9259
6343	9260
5684	9261
3783	9262
9591	9263
16	9264
9307	9265
8759	9266
7930	9267
272	9268
9811	9269
4862	9270
9026	9271
2461	9272
8813	9273
6842	9274
8896	9275
6851	9276
6725	9277
8572	9278
3575	9279
3973	9280
3411	9281
6149	9282
1166	9283
1499	9284
9713	9285
196	9286
3388	9287
3960	9288
5317	9289
1882	9290
5605	9291
5127	9292
4362	9293
6262	9294
4508	9295
6447	9296
6642	9297
1664	9298
8747	9299
8180	9300
9374	9301
8758	9302
7457	9303
2893	9304
7403	9305
2402	9306
4071	9307
2779	9308
4186	9309
5218	9310
9195	9311
804	9312
8281	9313
1124	9314
9752	9315
281	9316
2015	9317
9051	9318
4418	9319
2913	9320
6527	9321
6821	9322
8895	9323
4943	9324
1586	9325
1191	9326
8829	9327
7395	9328
6303	9329
5442	9330
3918	9331
6631	9332
5688	9333
2738	9334
8098	9335
7180	9336
8618	9337
4098	9338
3760	9339
3819	9340
395	9341
1456	9342
7740	9343
4965	9344
6546	9345
5638	9346
761	9347
7442	9348
168	9349
9702	9350
6213	9351
8244	9352
3650	9353
4754	9354
509	9355
2345	9356
4167	9357
2491	9358
8086	9359
4431	9360
470	9361
9585	9362
5216	9363
4616	9364
9272	9365
3012	9366
1908	9367
6518	9368
396	9369
290	9370
5889	9371
6809	9372
7568	9373
6989	9374
4790	9375
1402	9376
7769	9377
7131	9378
7645	9379
4484	9380
1928	9381
9013	9382
1131	9383
2329	9384
1881	9385
6413	9386
9145	9387
8238	9388
7798	9389
4536	9390
8576	9391
5108	9392
337	9393
7207	9394
9528	9395
7787	9396
5872	9397
8028	9398
6492	9399
496	9400
4649	9401
6046	9402
5463	9403
882	9404
255	9405
4397	9406
433	9407
4803	9408
4552	9409
7504	9410
1545	9411
111	9412
7209	9413
5721	9414
4584	9415
7936	9416
9274	9417
8842	9418
6422	9419
3740	9420
4668	9421
7054	9422
1482	9423
9685	9424
4013	9425
2614	9426
4769	9427
6535	9428
3621	9429
8013	9430
3361	9431
5707	9432
34	9433
1255	9434
8650	9435
2227	9436
5549	9437
5341	9438
2071	9439
3371	9440
9712	9441
5391	9442
4358	9443
5397	9444
3503	9445
9218	9446
6372	9447
7197	9448
5900	9449
8523	9450
9266	9451
3440	9452
4496	9453
1386	9454
4010	9455
1138	9456
649	9457
2438	9458
1966	9459
4133	9460
3554	9461
5512	9462
3381	9463
5321	9464
9834	9465
7218	9466
2416	9467
5014	9468
1772	9469
2197	9470
1654	9471
1647	9472
3700	9473
5727	9474
6783	9475
6632	9476
1420	9477
3018	9478
5648	9479
204	9480
846	9481
5880	9482
17	9483
6051	9484
4156	9485
7593	9486
1926	9487
39	9488
623	9489
6378	9490
6035	9491
5128	9492
2832	9493
690	9494
6057	9495
2230	9496
4283	9497
2870	9498
7455	9499
7901	9500
5834	9501
1793	9502
4359	9503
3063	9504
3957	9505
9631	9506
1940	9507
1600	9508
5401	9509
3382	9510
1909	9511
1811	9512
38	9513
2287	9514
2182	9515
7633	9516
8585	9517
6533	9518
468	9519
6009	9520
5205	9521
9244	9522
4580	9523
8638	9524
4657	9525
6453	9526
5539	9527
9050	9528
7912	9529
57	9530
3711	9531
1830	9532
2222	9533
233	9534
8891	9535
5861	9536
220	9537
3118	9538
6903	9539
412	9540
9765	9541
8286	9542
6770	9543
5740	9544
1016	9545
8002	9546
576	9547
7537	9548
1764	9549
7959	9550
7458	9551
4912	9552
7286	9553
3002	9554
3075	9555
6677	9556
2126	9557
9221	9558
6259	9559
5851	9560
2802	9561
581	9562
8594	9563
532	9564
1962	9565
7644	9566
6164	9567
3753	9568
9213	9569
1142	9570
4389	9571
906	9572
270	9573
2316	9574
3524	9575
6451	9576
7513	9577
7601	9578
5157	9579
7198	9580
2387	9581
1053	9582
8682	9583
5656	9584
6021	9585
2120	9586
1139	9587
4515	9588
4563	9589
7846	9590
5712	9591
6161	9592
8724	9593
8642	9594
475	9595
7692	9596
7983	9597
2293	9598
3229	9599
787	9600
7187	9601
8405	9602
261	9603
5778	9604
2072	9605
1181	9606
6219	9607
440	9608
1939	9609
944	9610
5817	9611
9154	9612
8161	9613
730	9614
7235	9615
3470	9616
5361	9617
6345	9618
8261	9619
5016	9620
6607	9621
5724	9622
6205	9623
6025	9624
3358	9625
2813	9626
7216	9627
921	9628
4525	9629
6635	9630
9517	9631
6711	9632
9330	9633
5450	9634
3855	9635
605	9636
4679	9637
2303	9638
9224	9639
4676	9640
2187	9641
7834	9642
4666	9643
2851	9644
8854	9645
9295	9646
308	9647
8652	9648
7436	9649
6237	9650
4182	9651
3717	9652
4178	9653
2231	9654
1048	9655
1267	9656
394	9657
4774	9658
4151	9659
4223	9660
5723	9661
8629	9662
62	9663
9216	9664
478	9665
8225	9666
7630	9667
1958	9668
3483	9669
8391	9670
4476	9671
4977	9672
5921	9673
8181	9674
8450	9675
8804	9676
8991	9677
758	9678
5188	9679
1332	9680
5510	9681
6168	9682
1534	9683
3100	9684
7027	9685
7533	9686
7746	9687
3317	9688
4286	9689
6332	9690
4441	9691
3726	9692
147	9693
7828	9694
795	9695
7431	9696
2418	9697
1340	9698
9711	9699
3147	9700
1568	9701
2522	9702
8369	9703
5715	9704
9309	9705
715	9706
132	9707
2472	9708
600	9709
6732	9710
8763	9711
480	9712
5357	9713
5798	9714
8522	9715
7173	9716
1712	9717
1718	9718
9210	9719
6359	9720
8853	9721
8482	9722
790	9723
5290	9724
3204	9725
6101	9726
574	9727
1033	9728
8236	9729
860	9730
5145	9731
9835	9732
833	9733
1335	9734
5194	9735
2360	9736
3864	9737
4150	9738
5438	9739
2448	9740
5534	9741
8937	9742
6344	9743
3314	9744
7721	9745
508	9746
15	9747
5855	9748
7527	9749
8312	9750
1661	9751
3998	9752
1389	9753
2797	9754
1286	9755
8754	9756
6122	9757
3455	9758
3946	9759
7816	9760
3247	9761
4673	9762
2992	9763
4816	9764
531	9765
2483	9766
9814	9767
7875	9768
5501	9769
313	9770
832	9771
2966	9772
65	9773
4419	9774
5751	9775
8606	9776
7603	9777
9351	9778
1706	9779
3824	9780
939	9781
8348	9782
2615	9783
5469	9784
6472	9785
9601	9786
7386	9787
7704	9788
4868	9789
7599	9790
6519	9791
9476	9792
9535	9793
5517	9794
128	9795
226	9796
6932	9797
9263	9798
6284	9799
1109	9800
6852	9801
127	9802
3288	9803
5518	9804
1468	9805
4244	9806
8385	9807
2561	9808
5641	9809
9401	9810
1010	9811
3934	9812
24	9813
674	9814
2998	9815
328	9816
4272	9817
27	9818
643	9819
2301	9820
1578	9821
4214	9822
8218	9823
7905	9824
2363	9825
8688	9826
3223	9827
3986	9828
9044	9829
7067	9830
3831	9831
9356	9832
3435	9833
6866	9834
5099	9835
8536	9836
7496	9837
1678	9838
7447	9839
35	9840
4588	9841
1995	9842
1374	9843
7311	9844
7517	9845
4465	9846
6276	9847
2482	9848
1276	9849
9796	9850
8350	9851
5368	9852
5786	9853
7884	9854
1416	9855
3070	9856
4195	9857
5928	9858
7982	9859
8139	9860
1290	9861
6383	9862
4586	9863
9133	9864
9108	9865
4976	9866
5212	9867
1607	9868
4913	9869
4064	9870
6370	9871
28	9872
5678	9873
8597	9874
871	9875
8671	9876
8714	9877
7954	9878
831	9879
6854	9880
6041	9881
1546	9882
2428	9883
8972	9884
6097	9885
707	9886
8159	9887
7110	9888
8644	9889
5281	9890
3446	9891
9337	9892
178	9893
5144	9894
4138	9895
1055	9896
8088	9897
645	9898
6655	9899
1463	9900
7088	9901
3244	9902
4698	9903
7193	9904
6158	9905
7388	9906
2166	9907
4101	9908
3066	9909
2377	9910
6078	9911
9488	9912
4922	9913
1413	9914
7226	9915
2331	9916
8696	9917
3318	9918
6322	9919
8889	9920
3069	9921
1457	9922
2429	9923
2186	9924
4045	9925
7934	9926
9660	9927
2315	9928
5683	9929
3038	9930
4075	9931
4817	9932
106	9933
9310	9934
5561	9935
6005	9936
1893	9937
2906	9938
3716	9939
5686	9940
2708	9941
5839	9942
4738	9943
8388	9944
1598	9945
1390	9946
8177	9947
2319	9948
2117	9949
3581	9950
9306	9951
4473	9952
1199	9953
2849	9954
9714	9955
4108	9956
169	9957
8167	9958
486	9959
1795	9960
8867	9961
636	9962
4042	9963
1259	9964
9019	9965
5344	9966
8926	9967
7577	9968
1653	9969
9409	9970
7923	9971
4772	9972
2719	9973
8653	9974
4628	9975
7679	9976
8446	9977
1603	9978
1324	9979
7796	9980
1303	9981
6763	9982
6820	9983
6064	9984
9580	9985
3322	9986
1116	9987
2688	9988
7462	9989
7812	9990
296	9991
9159	9992
2393	9993
4077	9994
7658	9995
2304	9996
6221	9997
6593	9998
5642	9999
1424	10000
