6426	1
5698	2
8724	3
3173	4
6937	5
8372	6
9423	7
154	8
9582	9
9404	10
7310	11
6934	12
2876	13
7728	14
791	15
5323	16
8745	17
871	18
5001	19
3613	20
7417	21
8976	22
7387	23
4051	24
642	25
6628	26
9127	27
2140	28
2079	29
3034	30
4946	31
3405	32
3625	33
3879	34
2892	35
1154	36
101	37
6405	38
4344	39
2401	40
354	41
7243	42
1861	43
7557	44
7323	45
6980	46
6989	47
1853	48
6423	49
1873	50
7724	51
5250	52
8809	53
8971	54
56	55
5581	56
9730	57
3846	58
4784	59
8131	60
2874	61
6214	62
8076	63
8137	64
3284	65
4258	66
8116	67
8590	68
7281	69
6006	70
4420	71
8833	72
1733	73
59	74
6331	75
6399	76
3139	77
2547	78
2897	79
8440	80
5394	81
6288	82
3947	83
4899	84
7628	85
7329	86
6491	87
2921	88
6697	89
4109	90
1741	91
567	92
4971	93
686	94
3626	95
28	96
2987	97
4364	98
5611	99
9409	100
5456	101
3452	102
4610	103
9834	104
6603	105
2287	106
7805	107
7988	108
800	109
7367	110
3431	111
1352	112
3629	113
2272	114
9380	115
6422	116
7065	117
5040	118
9371	119
4047	120
9424	121
37	122
9372	123
8739	124
3072	125
8300	126
9788	127
3957	128
2653	129
9821	130
5060	131
3118	132
7733	133
4757	134
1652	135
4855	136
3312	137
6101	138
9537	139
9832	140
311	141
8651	142
95	143
4840	144
727	145
7287	146
8447	147
1820	148
7727	149
1257	150
1719	151
33	152
2385	153
347	154
3594	155
2637	156
8225	157
4853	158
1712	159
873	160
9633	161
6546	162
7374	163
1390	164
5117	165
2202	166
1840	167
7263	168
2217	169
9340	170
9341	171
4190	172
2850	173
344	174
2998	175
6962	176
6496	177
3679	178
4165	179
8802	180
8746	181
2133	182
2048	183
2195	184
4598	185
2096	186
4929	187
1251	188
7855	189
4653	190
9818	191
1891	192
9005	193
608	194
1104	195
8987	196
2300	197
3696	198
2614	199
6083	200
7985	201
5018	202
2422	203
7427	204
6812	205
4079	206
7341	207
6104	208
6080	209
8625	210
2881	211
6317	212
8284	213
1005	214
4836	215
8381	216
4993	217
2861	218
8633	219
4889	220
4126	221
6367	222
3457	223
5614	224
2289	225
8898	226
1339	227
3817	228
4437	229
2531	230
229	231
5047	232
1703	233
2146	234
7868	235
2353	236
4124	237
7084	238
6494	239
2923	240
290	241
218	242
5726	243
3969	244
5415	245
6227	246
7870	247
2716	248
3695	249
7570	250
9024	251
8	252
2212	253
2973	254
4078	255
61	256
2673	257
8644	258
2667	259
1462	260
480	261
2483	262
4403	263
42	264
9793	265
8751	266
9799	267
8226	268
7895	269
5531	270
8244	271
8017	272
33	273
718	274
7959	275
5498	276
4729	277
8601	278
7766	279
6058	280
8127	281
8209	282
4024	283
5005	284
2279	285
4845	286
5036	287
3382	288
3041	289
7837	290
231	291
7814	292
2930	293
1795	294
3259	295
949	296
122	297
7761	298
3265	299
6116	300
1599	301
2380	302
8958	303
4291	304
121	305
7298	306
8428	307
9030	308
1782	309
5312	310
80	311
4690	312
2148	313
84	314
2903	315
6119	316
8716	317
6746	318
942	319
77	320
7860	321
7802	322
4689	323
7337	324
4935	325
8798	326
5062	327
9405	328
3423	329
75	330
9290	331
3789	332
5491	333
7591	334
8415	335
6256	336
6350	337
9467	338
6415	339
276	340
9314	341
6822	342
5968	343
3599	344
127	345
1762	346
119	347
6955	348
140	349
5574	350
9089	351
5065	352
3225	353
1833	354
85	355
8937	356
3012	357
8232	358
5101	359
4978	360
2135	361
565	362
6682	363
7710	364
7545	365
4770	366
8371	367
474	368
2974	369
2153	370
8534	371
888	372
5004	373
5945	374
2737	375
3329	376
334	377
2357	378
1734	379
7227	380
1869	381
6539	382
624	383
2017	384
4414	385
2165	386
3689	387
129	388
2519	389
3596	390
7551	391
7877	392
7003	393
9589	394
5466	395
4382	396
8482	397
1337	398
6952	399
7354	400
117	401
74	402
63	403
3470	404
8818	405
7512	406
962	407
992	408
4633	409
8204	410
7772	411
826	412
8309	413
9824	414
160	415
860	416
557	417
1275	418
3001	419
8864	420
8095	421
5433	422
976	423
53	424
6420	425
1185	426
9604	427
5875	428
9142	429
5081	430
6205	431
7242	432
1007	433
393	434
9475	435
7542	436
8909	437
3258	438
365	439
8171	440
6545	441
4140	442
7907	443
8456	444
107	445
3842	446
2529	447
9630	448
3580	449
1338	450
898	451
8168	452
4833	453
2864	454
2985	455
9670	456
5179	457
8681	458
3724	459
206	460
4662	461
4365	462
467	463
5009	464
5497	465
6751	466
5835	467
4820	468
9134	469
6670	470
1728	471
6865	472
9066	473
4039	474
2021	475
6027	476
8316	477
5748	478
385	479
9306	480
5865	481
7134	482
8951	483
3984	484
2670	485
1002	486
3488	487
2058	488
6568	489
4741	490
5963	491
425	492
3785	493
5943	494
156	495
12	496
318	497
6347	498
154	499
3688	500
3972	501
9195	502
1055	503
5714	504
1921	505
811	506
7615	507
5234	508
7457	509
2967	510
798	511
6455	512
9138	513
1953	514
8737	515
309	516
9699	517
1324	518
3056	519
2072	520
2900	521
4915	522
5327	523
84	524
7123	525
4804	526
8034	527
2480	528
9553	529
6190	530
5734	531
2089	532
2630	533
5505	534
7485	535
6072	536
8741	537
1062	538
3169	539
1664	540
6052	541
5899	542
2799	543
2321	544
7616	545
4472	546
4314	547
3720	548
1690	549
7480	550
1258	551
6444	552
1614	553
3191	554
2872	555
4938	556
8789	557
6642	558
4084	559
8715	560
6710	561
1688	562
3060	563
8597	564
1119	565
1689	566
9575	567
9032	568
6320	569
834	570
391	571
9496	572
9349	573
9564	574
8732	575
3728	576
7623	577
8237	578
6204	579
4333	580
3607	581
8925	582
8469	583
9365	584
18	585
5318	586
5957	587
8657	588
4661	589
1328	590
6259	591
4441	592
3988	593
944	594
3243	595
7249	596
1061	597
2045	598
7994	599
7026	600
852	601
971	602
244	603
7810	604
9157	605
3904	606
5493	607
539	608
3331	609
4129	610
9249	611
9081	612
3204	613
8771	614
1340	615
494	616
4535	617
3927	618
4549	619
8542	620
6316	621
3358	622
628	623
3189	624
333	625
5556	626
2203	627
706	628
8830	629
1940	630
8103	631
3482	632
592	633
6133	634
8873	635
2840	636
1522	637
1255	638
5822	639
7379	640
4034	641
8364	642
2059	643
8851	644
8279	645
5303	646
7957	647
7546	648
4783	649
4727	650
8216	651
3710	652
8551	653
8938	654
5773	655
5333	656
9437	657
8504	658
428	659
8207	660
2722	661
8342	662
6728	663
600	664
3293	665
7918	666
7945	667
5724	668
9006	669
1591	670
2447	671
4558	672
155	673
237	674
11	675
7029	676
70	677
1863	678
1353	679
9703	680
3234	681
3413	682
2578	683
9312	684
7302	685
4937	686
8713	687
9596	688
3588	689
8993	690
1922	691
4501	692
4186	693
9002	694
5396	695
9532	696
5836	697
4739	698
4254	699
1881	700
4625	701
806	702
6325	703
1045	704
8035	705
9735	706
5379	707
736	708
5126	709
2823	710
5041	711
1260	712
9011	713
7725	714
9673	715
7799	716
6128	717
3088	718
9402	719
6941	720
2782	721
2895	722
4767	723
9508	724
6129	725
2130	726
5304	727
4040	728
7641	729
4936	730
5534	731
2495	732
4351	733
2452	734
4339	735
4642	736
2473	737
7714	738
92	739
7972	740
3642	741
7089	742
717	743
111	744
3900	745
71	746
7218	747
5227	748
563	749
104	750
4326	751
4482	752
8781	753
3946	754
659	755
827	756
5764	757
4884	758
15	759
21	760
9216	761
9545	762
8333	763
543	764
5804	765
5878	766
2378	767
7575	768
9088	769
256	770
8117	771
1732	772
6441	773
2220	774
8356	775
7010	776
7998	777
5120	778
4622	779
7911	780
7459	781
9083	782
5778	783
8862	784
5110	785
714	786
8840	787
6487	788
491	789
1807	790
5827	791
7022	792
7351	793
6379	794
2846	795
6060	796
9486	797
6125	798
4263	799
2027	800
7460	801
9661	802
1177	803
3869	804
636	805
1349	806
37	807
4428	808
3113	809
8980	810
1805	811
6923	812
8330	813
4540	814
2712	815
3723	816
67	817
5820	818
8295	819
7699	820
1166	821
2942	822
2147	823
9048	824
1837	825
4160	826
1428	827
3176	828
6146	829
8141	830
9052	831
9558	832
8846	833
9045	834
7273	835
5452	836
1623	837
4732	838
4911	839
6353	840
3070	841
6548	842
3921	843
30	844
1101	845
6031	846
8916	847
4876	848
1916	849
4044	850
4942	851
7884	852
3404	853
9018	854
7012	855
5391	856
8911	857
292	858
7408	859
2800	860
6503	861
8222	862
96	863
9594	864
5952	865
6832	866
4094	867
4673	868
1397	869
9752	870
5429	871
6811	872
2741	873
6043	874
1607	875
1842	876
2560	877
7450	878
6639	879
5982	880
8184	881
8242	882
2144	883
7090	884
3749	885
4281	886
6274	887
5509	888
7652	889
1637	890
1736	891
3716	892
7706	893
6118	894
2510	895
8315	896
6	897
5257	898
3319	899
7244	900
1442	901
1677	902
4250	903
3509	904
5844	905
7185	906
4410	907
9174	908
7839	909
8926	910
3659	911
88	912
6198	913
1537	914
2028	915
5895	916
7906	917
7190	918
52	919
3621	920
3221	921
2211	922
796	923
9451	924
4999	925
3417	926
3982	927
9185	928
4792	929
8093	930
9522	931
4181	932
7744	933
3390	934
9064	935
1046	936
1562	937
1997	938
197	939
7487	940
2702	941
9310	942
1587	943
2381	944
6344	945
8529	946
1223	947
5349	948
8568	949
3714	950
2411	951
8699	952
6220	953
954	954
734	955
2663	956
9669	957
5538	958
5070	959
1076	960
8078	961
3184	962
8935	963
5754	964
9600	965
8369	966
6136	967
4408	968
8464	969
9326	970
9420	971
2166	972
7695	973
797	974
7005	975
9393	976
3287	977
6935	978
9132	979
991	980
6401	981
5848	982
6490	983
3046	984
3811	985
2281	986
8618	987
452	988
8756	989
5991	990
8913	991
4050	992
548	993
4219	994
8645	995
3976	996
3261	997
561	998
5857	999
1239	1000
1761	1001
9264	1002
4819	1003
6769	1004
9049	1005
4613	1006
7097	1007
1037	1008
6629	1009
4477	1010
3820	1011
2325	1012
2334	1013
6094	1014
4116	1015
2032	1016
688	1017
7030	1018
7461	1019
7779	1020
2790	1021
8552	1022
8332	1023
2487	1024
9292	1025
886	1026
3967	1027
7220	1028
1175	1029
2763	1030
6848	1031
5956	1032
7016	1033
810	1034
3476	1035
211	1036
103	1037
2975	1038
3608	1039
2493	1040
7609	1041
6066	1042
4646	1043
9097	1044
6212	1045
4705	1046
5610	1047
546	1048
8801	1049
8823	1050
3042	1051
5440	1052
4045	1053
1193	1054
2747	1055
2870	1056
3461	1057
8536	1058
8979	1059
1618	1060
2841	1061
2848	1062
9414	1063
8506	1064
8022	1065
6916	1066
9013	1067
9738	1068
3936	1069
7348	1070
8421	1071
2229	1072
186	1073
1935	1074
9565	1075
8796	1076
4778	1077
6079	1078
5774	1079
7874	1080
2376	1081
3808	1082
2112	1083
54	1084
4156	1085
1348	1086
1163	1087
8920	1088
7629	1089
5450	1090
3195	1091
710	1092
671	1093
5507	1094
3458	1095
5953	1096
8717	1097
665	1098
253	1099
8327	1100
2486	1101
7315	1102
3223	1103
4531	1104
8518	1105
7617	1106
8750	1107
8291	1108
2448	1109
8455	1110
6551	1111
532	1112
887	1113
8058	1114
8254	1115
725	1116
2990	1117
8282	1118
155	1119
5603	1120
1801	1121
2420	1122
8524	1123
6905	1124
4098	1125
6712	1126
4580	1127
3356	1128
9449	1129
8675	1130
217	1131
9394	1132
8841	1133
703	1134
6910	1135
1558	1136
3558	1137
3746	1138
5784	1139
1974	1140
1170	1141
3011	1142
6476	1143
5986	1144
484	1145
3388	1146
6028	1147
3668	1148
5386	1149
4007	1150
705	1151
7321	1152
3038	1153
3186	1154
5911	1155
2368	1156
8383	1157
7520	1158
5153	1159
3840	1160
161	1161
4259	1162
8703	1163
6793	1164
8185	1165
5325	1166
9503	1167
9250	1168
3597	1169
3564	1170
100	1171
9269	1172
7037	1173
7999	1174
2696	1175
9498	1176
5028	1177
1859	1178
1931	1179
1308	1180
5094	1181
5838	1182
7262	1183
6636	1184
4894	1185
4479	1186
5331	1187
6877	1188
6924	1189
4261	1190
2770	1191
6562	1192
2392	1193
7841	1194
4703	1195
6139	1196
5140	1197
2852	1198
374	1199
3083	1200
6665	1201
7634	1202
6210	1203
1250	1204
6824	1205
2873	1206
4605	1207
6827	1208
2833	1209
8143	1210
6255	1211
3908	1212
8053	1213
9576	1214
8474	1215
5615	1216
9369	1217
5938	1218
6526	1219
6419	1220
2425	1221
38	1222
6092	1223
2915	1224
1297	1225
912	1226
2476	1227
7162	1228
3941	1229
3447	1230
4191	1231
7526	1232
597	1233
7500	1234
3106	1235
4082	1236
6360	1237
7343	1238
7054	1239
5360	1240
2847	1241
4167	1242
9201	1243
4350	1244
438	1245
1852	1246
4117	1247
2928	1248
8560	1249
81	1250
1316	1251
2191	1252
3523	1253
7541	1254
125	1255
1404	1256
722	1257
9719	1258
6351	1259
1074	1260
4266	1261
2835	1262
8001	1263
6305	1264
6299	1265
4831	1266
180	1267
4957	1268
9571	1269
4910	1270
3585	1271
3142	1272
160	1273
733	1274
7777	1275
6780	1276
8449	1277
8179	1278
6053	1279
4998	1280
4375	1281
4803	1282
6760	1283
1436	1284
6458	1285
9324	1286
6115	1287
7342	1288
8778	1289
6495	1290
3742	1291
1709	1292
4475	1293
6623	1294
116	1295
6907	1296
7245	1297
2772	1298
3283	1299
4495	1300
2636	1301
8712	1302
6508	1303
3548	1304
9015	1305
6261	1306
599	1307
7583	1308
4418	1309
1199	1310
3154	1311
4288	1312
1291	1313
7256	1314
3285	1315
1631	1316
2802	1317
1330	1318
3704	1319
8896	1320
1656	1321
4469	1322
7600	1323
5098	1324
1174	1325
4842	1326
1351	1327
5870	1328
1041	1329
7504	1330
4130	1331
6574	1332
6003	1333
7366	1334
2004	1335
225	1336
1920	1337
7493	1338
8584	1339
101	1340
7368	1341
7109	1342
2599	1343
879	1344
9620	1345
3513	1346
1472	1347
1876	1348
1668	1349
2158	1350
8386	1351
4517	1352
8733	1353
1451	1354
945	1355
3171	1356
1541	1357
7585	1358
2514	1359
5564	1360
7767	1361
3517	1362
7057	1363
7933	1364
7882	1365
4513	1366
314	1367
8376	1368
629	1369
4808	1370
4394	1371
7925	1372
6767	1373
8312	1374
7274	1375
272	1376
2046	1377
6737	1378
5961	1379
5641	1380
6333	1381
2893	1382
5037	1383
128	1384
8392	1385
7750	1386
9184	1387
5785	1388
1020	1389
4964	1390
3595	1391
637	1392
741	1393
3650	1394
6219	1395
2654	1396
3687	1397
3206	1398
1553	1399
82	1400
575	1401
2971	1402
6704	1403
2768	1404
6281	1405
2330	1406
5471	1407
5219	1408
4868	1409
3610	1410
4640	1411
981	1412
8872	1413
3721	1414
3725	1415
602	1416
3677	1417
3215	1418
4523	1419
4013	1420
6685	1421
8388	1422
6499	1423
4592	1424
4944	1425
246	1426
2713	1427
479	1428
997	1429
1064	1430
4233	1431
5385	1432
6507	1433
5203	1434
367	1435
6109	1436
1003	1437
6961	1438
755	1439
8384	1440
1639	1441
8672	1442
5449	1443
8484	1444
947	1445
1626	1446
6726	1447
2687	1448
5075	1449
7674	1450
1769	1451
1526	1452
830	1453
3039	1454
2528	1455
5931	1456
2623	1457
1032	1458
345	1459
1213	1460
9318	1461
7700	1462
5666	1463
8311	1464
3325	1465
2572	1466
6354	1467
7076	1468
4209	1469
6843	1470
2022	1471
1326	1472
1279	1473
7228	1474
1422	1475
6449	1476
2856	1477
6265	1478
3245	1479
9220	1480
7645	1481
2151	1482
3537	1483
6167	1484
8764	1485
8947	1486
3485	1487
9543	1488
8437	1489
2644	1490
7513	1491
2796	1492
1280	1493
7698	1494
4183	1495
466	1496
7319	1497
9674	1498
9217	1499
4508	1500
8307	1501
4779	1502
6817	1503
9028	1504
3929	1505
6970	1506
9124	1507
3860	1508
6969	1509
8844	1510
3924	1511
8481	1512
2875	1513
6424	1514
2396	1515
4526	1516
8247	1517
3302	1518
3089	1519
9144	1520
6417	1521
9410	1522
7171	1523
5263	1524
7927	1525
9814	1526
8050	1527
3889	1528
4430	1529
5923	1530
6169	1531
3153	1532
8972	1533
5761	1534
7124	1535
8191	1536
4148	1537
7827	1538
226	1539
9817	1540
7446	1541
9689	1542
4534	1543
3539	1544
64	1545
4341	1546
1191	1547
5173	1548
3777	1549
6306	1550
8126	1551
5420	1552
5162	1553
8009	1554
8012	1555
7156	1556
6753	1557
1477	1558
8547	1559
1157	1560
8196	1561
9275	1562
6608	1563
8806	1564
5370	1565
6193	1566
2273	1567
4060	1568
1955	1569
2693	1570
153	1571
7108	1572
5427	1573
5142	1574
4008	1575
3096	1576
643	1577
1662	1578
1875	1579
8965	1580
7612	1581
1246	1582
8112	1583
4447	1584
6063	1585
6400	1586
1452	1587
7560	1588
4816	1589
5920	1590
8564	1591
3554	1592
3414	1593
7668	1594
2504	1595
3799	1596
7053	1597
7117	1598
9830	1599
43	1600
481	1601
3400	1602
6446	1603
9675	1604
8854	1605
147	1606
6287	1607
7268	1608
8028	1609
2433	1610
2214	1611
4174	1612
7735	1613
8519	1614
1395	1615
8331	1616
2482	1617
9523	1618
8308	1619
219	1620
3392	1621
9090	1622
3902	1623
5910	1624
4975	1625
2261	1626
9490	1627
897	1628
9439	1629
645	1630
9778	1631
5591	1632
6895	1633
4194	1634
3307	1635
7392	1636
9472	1637
1456	1638
2129	1639
7565	1640
693	1641
5463	1642
632	1643
248	1644
609	1645
6097	1646
5216	1647
6849	1648
8836	1649
3843	1650
5324	1651
4090	1652
5584	1653
1139	1654
8676	1655
5890	1656
2061	1657
3717	1658
685	1659
72	1660
1111	1661
3753	1662
9256	1663
5102	1664
8548	1665
3033	1666
730	1667
2406	1668
6416	1669
1557	1670
4844	1671
9561	1672
4449	1673
2842	1674
1699	1675
5886	1676
8030	1677
4573	1678
2674	1679
3754	1680
4450	1681
650	1682
1934	1683
8787	1684
3734	1685
1418	1686
5679	1687
7510	1688
4856	1689
8782	1690
9054	1691
1642	1692
9025	1693
6226	1694
4182	1695
2648	1696
4813	1697
760	1698
6637	1699
7394	1700
4698	1701
5030	1702
7418	1703
4536	1704
5997	1705
1667	1706
2728	1707
7055	1708
591	1709
4763	1710
7024	1711
1301	1712
5134	1713
6480	1714
2398	1715
7481	1716
8837	1717
2684	1718
3961	1719
668	1720
144	1721
5121	1722
3711	1723
1419	1724
2730	1725
5683	1726
6816	1727
8163	1728
2806	1729
6881	1730
3179	1731
4362	1732
2355	1733
2071	1734
368	1735
3664	1736
1915	1737
3968	1738
1567	1739
1420	1740
6621	1741
6561	1742
8754	1743
6372	1744
2941	1745
3643	1746
4617	1747
3504	1748
1272	1749
93	1750
1638	1751
9110	1752
5458	1753
8334	1754
151	1755
5917	1756
8324	1757
3182	1758
8359	1759
369	1760
5760	1761
3323	1762
9120	1763
8861	1764
9115	1765
4933	1766
5578	1767
1235	1768
7038	1769
3006	1770
2109	1771
3159	1772
8467	1773
5298	1774
4037	1775
3353	1776
928	1777
1432	1778
5989	1779
1784	1780
1612	1781
3295	1782
79	1783
3816	1784
4455	1785
8875	1786
3781	1787
5716	1788
5551	1789
6762	1790
625	1791
7704	1792
3224	1793
7712	1794
9379	1795
3735	1796
2867	1797
8562	1798
4898	1799
3296	1800
4943	1801
2899	1802
5289	1803
8533	1804
1103	1805
8868	1806
222	1807
6335	1808
9826	1809
3397	1810
2935	1811
4460	1812
1450	1813
1857	1814
1954	1815
6918	1816
8635	1817
854	1818
4320	1819
3839	1820
4838	1821
1880	1822
7052	1823
8602	1824
8559	1825
687	1826
7468	1827
233	1828
5355	1829
8621	1830
9639	1831
526	1832
5202	1833
5438	1834
4604	1835
6680	1836
2197	1837
4828	1838
6182	1839
5812	1840
2228	1841
5351	1842
2643	1843
2961	1844
3360	1845
9131	1846
149	1847
1430	1848
7250	1849
2264	1850
419	1851
9418	1852
587	1853
3525	1854
874	1855
4699	1856
8831	1857
5529	1858
5078	1859
5525	1860
3511	1861
6460	1862
6007	1863
135	1864
7077	1865
53	1866
42	1867
2404	1868
6432	1869
6520	1870
2280	1871
3810	1872
2723	1873
6384	1874
9733	1875
5413	1876
7393	1877
8744	1878
3255	1879
6356	1880
9173	1881
998	1882
8740	1883
3920	1884
465	1885
1249	1886
3155	1887
8783	1888
4726	1889
321	1890
7708	1891
5291	1892
3156	1893
4215	1894
6291	1895
9476	1896
808	1897
6433	1898
1470	1899
2384	1900
2417	1901
1485	1902
7312	1903
7722	1904
3806	1905
6	1906
2465	1907
3730	1908
304	1909
8021	1910
9497	1911
1302	1912
1044	1913
7318	1914
2310	1915
9160	1916
4979	1917
9179	1918
8328	1919
656	1920
6339	1921
1381	1922
1131	1923
3451	1924
4882	1925
9082	1926
9116	1927
7960	1928
5840	1929
1989	1930
8471	1931
4299	1932
7580	1933
8466	1934
2247	1935
5124	1936
2463	1937
5560	1938
2762	1939
5845	1940
9289	1941
1743	1942
9671	1943
7764	1944
2838	1945
7040	1946
1437	1947
4692	1948
4609	1949
286	1950
5715	1951
3313	1952
4404	1953
2988	1954
9764	1955
1697	1956
2065	1957
9822	1958
6145	1959
1027	1960
7309	1961
7411	1962
1065	1963
5343	1964
9415	1965
1737	1966
6456	1967
120	1968
2348	1969
257	1970
7897	1971
8349	1972
5995	1973
9386	1974
7386	1975
5735	1976
2545	1977
3887	1978
2423	1979
24	1980
6373	1981
102	1982
9254	1983
5563	1984
4210	1985
127	1986
3647	1987
4663	1988
7135	1989
4972	1990
7276	1991
8318	1992
8465	1993
4858	1994
7948	1995
7739	1996
8735	1997
6938	1998
1773	1999
5642	2000
8946	2001
4660	2002
972	2003
4222	2004
1288	2005
6019	2006
6921	2007
5925	2008
7816	2009
1550	2010
8596	2011
9443	2012
2383	2013
1649	2014
9243	2015
2884	2016
4888	2017
6863	2018
5138	2019
2756	2020
951	2021
9158	2022
8098	2023
6612	2024
2778	2025
2427	2026
4373	2027
6241	2028
7980	2029
8070	2030
6185	2031
5095	2032
1502	2033
5043	2034
241	2035
2863	2036
4102	2037
5646	2038
281	2039
6987	2040
8956	2041
5494	2042
8057	2043
5950	2044
7186	2045
9164	2046
1860	2047
7688	2048
8229	2049
8617	2050
3549	2051
9073	2052
3238	2053
1694	2054
2414	2055
8824	2056
1756	2057
3475	2058
1241	2059
8742	2060
2765	2061
3027	2062
1529	2063
7362	2064
6787	2065
3573	2066
8730	2067
2946	2068
7518	2069
6332	2070
6765	2071
6889	2072
3997	2073
4940	2074
7182	2075
5819	2076
2991	2077
3587	2078
8178	2079
5921	2080
2319	2081
3220	2082
2248	2083
6302	2084
7266	2085
9385	2086
2466	2087
8608	2088
2053	2089
338	2090
9229	2091
400	2092
2714	2093
8535	2094
8156	2095
3332	2096
7594	2097
702	2098
2820	2099
4023	2100
670	2101
578	2102
4992	2103
1490	2104
6263	2105
5500	2106
7626	2107
461	2108
1601	2109
4462	2110
3623	2111
3228	2112
5372	2113
4665	2114
7100	2115
1823	2116
3823	2117
3516	2118
6021	2119
5302	2120
7506	2121
4388	2122
97	2123
4197	2124
9348	2125
1754	2126
1089	2127
5109	2128
4830	2129
4141	2130
3532	2131
108	2132
3605	2133
749	2134
9316	2135
746	2136
7099	2137
6966	2138
8468	2139
1486	2140
5017	2141
7150	2142
4997	2143
2776	2144
4527	2145
3960	2146
9403	2147
5024	2148
4939	2149
5533	2150
1975	2151
5166	2152
7752	2153
3952	2154
6298	2155
4989	2156
265	2157
3528	2158
457	2159
6246	2160
8867	2161
3507	2162
1633	2163
5445	2164
2784	2165
139	2166
641	2167
6085	2168
3593	2169
6532	2170
8808	2171
4439	2172
1985	2173
5763	2174
3403	2175
5253	2176
4358	2177
930	2178
6464	2179
6616	2180
4284	2181
422	2182
6437	2183
1373	2184
3327	2185
3627	2186
4322	2187
5520	2188
621	2189
4202	2190
4119	2191
8772	2192
649	2193
6082	2194
2497	2195
9338	2196
5330	2197
429	2198
47	2199
5855	2200
3788	2201
8241	2202
4179	2203
6875	2204
7497	2205
7716	2206
4807	2207
5873	2208
361	2209
3825	2210
9273	2211
9750	2212
6784	2213
1636	2214
382	2215
720	2216
7804	2217
1155	2218
3708	2219
2855	2220
4908	2221
7559	2222
2769	2223
7197	2224
2911	2225
584	2226
240	2227
454	2228
5652	2229
4608	2230
8842	2231
817	2232
556	2233
8133	2234
20	2235
5847	2236
692	2237
7843	2238
9003	2239
5182	2240
6475	2241
2947	2242
1776	2243
7306	2244
6387	2245
1854	2246
192	2247
8005	2248
7620	2249
7516	2250
5119	2251
6158	2252
1794	2253
1226	2254
5585	2255
8430	2256
4885	2257
9755	2258
3520	2259
8978	2260
1033	2261
6662	2262
1080	2263
6530	2264
8570	2265
7977	2266
1480	2267
1421	2268
6809	2269
5362	2270
7371	2271
418	2272
6057	2273
167	2274
8277	2275
1670	2276
9772	2277
6225	2278
3546	2279
1039	2280
9636	2281
4639	2282
5672	2283
979	2284
8953	2285
5710	2286
2464	2287
4253	2288
4297	2289
9593	2290
7920	2291
3615	2292
4748	2293
370	2294
7091	2295
2087	2296
4150	2297
594	2298
92	2299
4338	2300
8826	2301
4909	2302
5692	2303
6280	2304
9067	2305
4381	2306
9731	2307
6254	2308
4768	2309
2419	2310
1483	2311
5282	2312
3890	2313
5605	2314
423	2315
143	2316
4431	2317
4986	2318
6566	2319
3021	2320
6930	2321
8531	2322
146	2323
4760	2324
3004	2325
5846	2326
6124	2327
2034	2328
495	2329
4878	2330
3787	2331
7308	2332
1565	2333
7364	2334
3979	2335
8779	2336
3592	2337
122	2338
1493	2339
7125	2340
5495	2341
8583	2342
2127	2343
3310	2344
3841	2345
1707	2346
6041	2347
4537	2348
2907	2349
5874	2350
5158	2351
6447	2352
1909	2353
9203	2354
2732	2355
2849	2356
4664	2357
8132	2358
409	2359
6886	2360
6506	2361
3712	2362
9117	2363
2819	2364
5807	2365
149	2366
9186	2367
6518	2368
7115	2369
7835	2370
1441	2371
443	2372
846	2373
9717	2374
6310	2375
6844	2376
6971	2377
7303	2378
7863	2379
3678	2380
8910	2381
68	2382
6407	2383
4906	2384
5809	2385
439	2386
2676	2387
2740	2388
9607	2389
348	2390
8973	2391
7004	2392
9509	2393
3634	2394
4360	2395
1701	2396
133	2397
3236	2398
9659	2399
1843	2400
1695	2401
7666	2402
435	2403
3832	2404
9705	2405
3208	2406
1153	2407
6477	2408
1305	2409
6179	2410
7682	2411
5268	2412
2996	2413
8069	2414
62	2415
8042	2416
3278	2417
8314	2418
2596	2419
1867	2420
8477	2421
9658	2422
6088	2423
3467	2424
13	2425
8292	2426
7326	2427
1042	2428
6858	2429
911	2430
883	2431
396	2432
2092	2433
4788	2434
5200	2435
6806	2436
6721	2437
6252	2438
4597	2439
9544	2440
4091	2441
9626	2442
1389	2443
4556	2444
6431	2445
3872	2446
4493	2447
5319	2448
7484	2449
5815	2450
2241	2451
4302	2452
1717	2453
1414	2454
1704	2455
5317	2456
7064	2457
7950	2458
8140	2459
5979	2460
4229	2461
4701	2462
12	2463
2305	2464
9754	2465
5439	2466
5025	2467
3130	2468
6917	2469
7121	2470
9074	2471
6135	2472
8791	2473
5694	2474
3718	2475
16	2476
4042	2477
4567	2478
4919	2479
363	2480
2940	2481
1742	2482
1495	2483
426	2484
5918	2485
5242	2486
4800	2487
444	2488
5152	2489
4368	2490
8175	2491
9388	2492
7769	2493
9629	2494
8812	2495
1133	2496
683	2497
1792	2498
5260	2499
6967	2500
4530	2501
8629	2502
5021	2503
6788	2504
1687	2505
247	2506
6700	2507
5350	2508
7389	2509
3419	2510
9187	2511
939	2512
2149	2513
1971	2514
2393	2515
4151	2516
10	2517
3948	2518
7452	2519
7811	2520
9041	2521
5887	2522
1658	2523
5542	2524
3878	2525
8997	2526
6974	2527
1889	2528
7697	2529
7129	2530
8301	2531
2924	2532
1571	2533
9370	2534
3100	2535
4010	2536
3983	2537
7025	2538
2326	2539
3219	2540
6314	2541
3560	2542
8261	2543
2455	2544
2781	2545
1208	2546
8642	2547
7473	2548
195	2549
98	2550
3601	2551
4221	2552
6343	2553
3562	2554
5313	2555
2970	2556
4256	2557
8748	2558
9513	2559
538	2560
9758	2561
4533	2562
3636	2563
3727	2564
8687	2565
5441	2566
3568	2567
7402	2568
7141	2569
1659	2570
5506	2571
4205	2572
5919	2573
5236	2574
8438	2575
2951	2576
8370	2577
771	2578
2183	2579
9728	2580
4467	2581
8609	2582
2008	2583
3443	2584
2267	2585
7944	2586
3102	2587
2173	2588
7621	2589
2371	2590
5038	2591
5197	2592
8890	2593
6010	2594
5806	2595
6567	2596
4135	2597
2775	2598
9378	2599
902	2600
711	2601
8160	2602
6902	2603
9702	2604
6860	2605
6232	2606
1231	2607
788	2608
4890	2609
8903	2610
3320	2611
6810	2612
8075	2613
3107	2614
3881	2615
3691	2616
7642	2617
7324	2618
1774	2619
8907	2620
123	2621
6779	2622
5861	2623
1233	2624
8424	2625
4682	2626
6533	2627
8066	2628
5843	2629
8088	2630
9807	2631
2001	2632
7503	2633
1410	2634
7305	2635
7888	2636
8616	2637
6077	2638
489	2639
7163	2640
4675	2641
8684	2642
1098	2643
6790	2644
1735	2645
8760	2646
4591	2647
3003	2648
9563	2649
5383	2650
6543	2651
5046	2652
8439	2653
3563	2654
4724	2655
188	2656
7335	2657
3051	2658
5729	2659
6238	2660
25	2661
4497	2662
6619	2663
8807	2664
3059	2665
6708	2666
957	2667
2479	2668
8731	2669
2731	2670
4652	2671
4717	2672
5167	2673
4092	2674
8379	2675
7334	2676
7926	2677
8027	2678
4866	2679
81	2680
7872	2681
7320	2682
8874	2683
5496	2684
5419	2685
518	2686
1138	2687
3883	2688
4670	2689
2606	2690
2677	2691
4461	2692
738	2693
1834	2694
633	2695
3103	2696
8605	2697
836	2698
9163	2699
130	2700
8368	2701
4596	2702
8348	2703
2054	2704
9333	2705
1379	2706
9461	2707
196	2708
112	2709
1739	2710
3237	2711
6894	2712
1501	2713
613	2714
80	2715
3732	2716
205	2717
4002	2718
1528	2719
4004	2720
1114	2721
1962	2722
6303	2723
236	2724
3244	2725
9446	2726
7938	2727
1109	2728
5085	2729
9756	2730
7731	2731
78	2732
317	2733
2320	2734
349	2735
4773	2736
1995	2737
8719	2738
6318	2739
7745	2740
3864	2741
5663	2742
3551	2743
9572	2744
2274	2745
5634	2746
3978	2747
5973	2748
6206	2749
7088	2750
5384	2751
3512	2752
4397	2753
1908	2754
6834	2755
8573	2756
379	2757
1496	2758
8104	2759
6648	2760
1616	2761
3652	2762
3501	2763
4329	2764
6757	2765
7789	2766
533	2767
3438	2768
6988	2769
3080	2770
6295	2771
3300	2772
4270	2773
7770	2774
5373	2775
6795	2776
3469	2777
2282	2778
4265	2779
8165	2780
8413	2781
8603	2782
6156	2783
4269	2784
9785	2785
9078	2786
5725	2787
5823	2788
399	2789
1054	2790
5172	2791
1569	2792
7	2793
327	2794
3876	2795
1848	2796
7443	2797
3884	2798
3750	2799
6217	2800
1179	2801
3862	2802
4515	2803
5368	2804
2694	2805
8451	2806
674	2807
4158	2808
3755	2809
8164	2810
4576	2811
6140	2812
2328	2813
2952	2814
2117	2815
3342	2816
5244	2817
9364	2818
7175	2819
1341	2820
941	2821
1084	2822
3157	2823
6914	2824
1311	2825
4714	2826
3425	2827
2023	2828
4758	2829
3297	2830
2257	2831
7470	2832
1676	2833
6904	2834
323	2835
1714	2836
132	2837
570	2838
9645	2839
6847	2840
3444	2841
3229	2842
8275	2843
8142	2844
5241	2845
1809	2846
6556	2847
6683	2848
841	2849
2235	2850
7847	2851
7536	2852
1345	2853
7598	2854
270	2855
4316	2856
9482	2857
8634	2858
137	2859
3911	2860
6032	2861
1346	2862
1812	2863
8039	2864
2984	2865
7355	2866
9285	2867
985	2868
4614	2869
36	2870
8660	2871
8580	2872
9435	2873
3079	2874
3993	2875
2365	2876
1589	2877
3082	2878
2546	2879
7970	2880
4780	2881
7936	2882
9573	2883
9166	2884
5093	2885
5768	2886
2391	2887
8905	2888
6468	2889
9556	2890
4707	2891
4539	2892
50	2893
7345	2894
5619	2895
1721	2896
3571	2897
7554	2898
1982	2899
1312	2900
7595	2901
917	2902
6853	2903
8988	2904
1369	2905
1186	2906
4722	2907
8100	2908
2678	2909
3767	2910
9697	2911
3350	2912
7349	2913
7734	2914
7834	2915
7131	2916
2761	2917
9345	2918
6554	2919
9035	2920
2012	2921
6792	2922
7140	2923
651	2924
7953	2925
4131	2926
8375	2927
5637	2928
1079	2929
7859	2930
9304	2931
9481	2932
572	2933
8686	2934
8414	2935
3365	2936
1216	2937
6735	2938
6748	2939
7106	2940
3430	2941
1766	2942
7373	2943
6549	2944
3844	2945
4924	2946
87	2947
7607	2948
3497	2949
8446	2950
3280	2951
819	2952
9114	2953
5787	2954
4905	2955
1142	2956
8395	2957
6064	2958
1294	2959
5516	2960
5671	2961
7036	2962
8917	2963
8068	2964
7483	2965
840	2966
3347	2967
8151	2968
3165	2969
6172	2970
3751	2971
4464	2972
2736	2973
6183	2974
1665	2975
6596	2976
4465	2977
3339	2978
7096	2979
8120	2980
2956	2981
1892	2982
9399	2983
3158	2984
4380	2985
1771	2986
3918	2987
3515	2988
3144	2989
2270	2990
5983	2991
6380	2992
8052	2993
5421	2994
499	2995
4204	2996
1474	2997
7786	2998
5378	2999
7223	3000
6078	3001
5797	3002
3897	3003
1835	3004
9584	3005
554	3006
4211	3007
3949	3008
6486	3009
4852	3010
4114	3011
1105	3012
6943	3013
4100	3014
2566	3015
9460	3016
4848	3017
1181	3018
463	3019
9608	3020
7532	3021
7174	3022
7753	3023
2066	3024
4744	3025
2969	3026
9721	3027
5903	3028
4568	3029
1398	3030
1090	3031
4811	3032
9387	3033
4565	3034
1951	3035
2255	3036
3857	3037
301	3038
566	3039
6436	3040
8825	3041
3172	3042
2205	3043
657	3044
9108	3045
2294	3046
2097	3047
8212	3048
97	3049
2588	3050
3768	3051
1171	3052
2821	3053
7478	3054
2342	3055
2258	3056
70	3057
4391	3058
4105	3059
5148	3060
6137	3061
9458	3062
5155	3063
7145	3064
7659	3065
9277	3066
1184	3067
2430	3068
5309	3069
5689	3070
9471	3071
9288	3072
6789	3073
3934	3074
5996	3075
5553	3076
5644	3077
4793	3078
7693	3079
1597	3080
2635	3081
9632	3082
1380	3083
3892	3084
9662	3085
1779	3086
1307	3087
1162	3088
8073	3089
9268	3090
6772	3091
2020	3092
4481	3093
3569	3094
5981	3095
5824	3096
6727	3097
3709	3098
2246	3099
2081	3100
759	3101
9140	3102
9534	3103
8149	3104
3854	3105
8637	3106
3143	3107
8362	3108
8514	3109
3858	3110
4	3111
5668	3112
6418	3113
1685	3114
5377	3115
9107	3116
9207	3117
1168	3118
2431	3119
7113	3120
5600	3121
6859	3122
4864	3123
9827	3124
2885	3125
6510	3126
4169	3127
4585	3128
1385	3129
39	3130
9479	3131
2960	3132
5015	3133
4355	3134
6266	3135
1566	3136
2632	3137
89	3138
1510	3139
4279	3140
4075	3141
3289	3142
7455	3143
27	3144
2575	3145
7069	3146
9192	3147
8253	3148
5284	3149
1524	3150
6382	3151
386	3152
3813	3153
2912	3154
3098	3155
9765	3156
9287	3157
2744	3158
2379	3159
3008	3160
3337	3161
2548	3162
401	3163
4494	3164
3116	3165
6656	3166
9578	3167
7564	3168
5073	3169
8599	3170
1580	3171
1514	3172
9819	3173
32	3174
2901	3175
7909	3176
980	3177
6729	3178
9086	3179
7793	3180
8462	3181
2496	3182
1247	3183
773	3184
4163	3185
9363	3186
3514	3187
2641	3188
3888	3189
1692	3190
678	3191
8819	3192
1266	3193
5940	3194
6276	3195
989	3196
3922	3197
2609	3198
745	3199
3381	3200
1515	3201
853	3202
5208	3203
2169	3204
8146	3205
4751	3206
4621	3207
6690	3208
639	3209
2507	3210
3420	3211
7213	3212
1755	3213
6369	3214
4486	3215
476	3216
8302	3217
5757	3218
4862	3219
9745	3220
5248	3221
3077	3222
6376	3223
6163	3224
3013	3225
3901	3226
3105	3227
9062	3228
6047	3229
4317	3230
5932	3231
7997	3232
8963	3233
6739	3234
7963	3235
3628	3236
9111	3237
9085	3238
3954	3239
9190	3240
7502	3241
3779	3242
3584	3243
4546	3244
3847	3245
8943	3246
1240	3247
9337	3248
2679	3249
4113	3250
1051	3251
737	3252
2051	3253
6221	3254
7976	3255
867	3256
5993	3257
6042	3258
7773	3259
4492	3260
6186	3261
5609	3262
4032	3263
3794	3264
2565	3265
9193	3266
8267	3267
6991	3268
6440	3269
7251	3270
6658	3271
2424	3272
3422	3273
2735	3274
3602	3275
7361	3276
9178	3277
6585	3278
6696	3279
8406	3280
449	3281
6686	3282
4966	3283
1426	3284
6557	3285
1918	3286
436	3287
2403	3288
4837	3289
8351	3290
7042	3291
6448	3292
6763	3293
2902	3294
1730	3295
447	3296
392	3297
2825	3298
6798	3299
5405	3300
5962	3301
3958	3302
9682	3303
2904	3304
7401	3305
4289	3306
8272	3307
2450	3308
9781	3309
1350	3310
1829	3311
5623	3312
6389	3313
6095	3314
9615	3315
4271	3316
9425	3317
130	3318
1214	3319
128	3320
9426	3321
8040	3322
1660	3323
6913	3324
3183	3325
6469	3326
8959	3327
7144	3328
1948	3329
5977	3330
6258	3331
8265	3332
4398	3333
8891	3334
125	3335
441	3336
3435	3337
1276	3338
4570	3339
8670	3340
5122	3341
9181	3342
7603	3343
6392	3344
3722	3345
8850	3346
3694	3347
5825	3348
3170	3349
9084	3350
21	3351
1083	3352
9161	3353
8320	3354
8532	3355
85	3356
719	3357
1365	3358
9605	3359
5409	3360
159	3361
4268	3362
6654	3363
346	3364
8545	3365
3304	3366
5869	3367
9298	3368
555	3369
1790	3370
8045	3371
3620	3372
8784	3373
7009	3374
9176	3375
8260	3376
2276	3377
2530	3378
4931	3379
8927	3380
3741	3381
9080	3382
9716	3383
7890	3384
7887	3385
4755	3386
5882	3387
9037	3388
5648	3389
5224	3390
855	3391
7304	3392
1945	3393
6796	3394
7406	3395
4275	3396
761	3397
4951	3398
2919	3399
2780	3400
5301	3401
6497	3402
2882	3403
2131	3404
3167	3405
5650	3406
4208	3407
7821	3408
3729	3409
2397	3410
5389	3411
2208	3412
64	3413
1259	3414
6374	3415
5067	3416
7967	3417
8859	3418
5477	3419
7277	3420
3791	3421
1917	3422
4195	3423
6640	3424
2522	3425
4982	3426
4133	3427
1584	3428
3132	3429
6471	3430
5191	3431
2453	3432
8401	3433
606	3434
5286	3435
697	3436
43	3437
5549	3438
8539	3439
6122	3440
3719	3441
3802	3442
9825	3443
1393	3444
503	3445
5728	3446
4353	3447
6666	3448
5743	3449
4115	3450
8423	3451
2303	3452
8631	3453
4164	3454
3263	3455
4981	3456
1077	3457
5594	3458
4880	3459
142	3460
4412	3461
9044	3462
4342	3463
6150	3464
7138	3465
8101	3466
588	3467
2186	3468
164	3469
3611	3470
5557	3471
6177	3472
8775	3473
105	3474
4295	3475
9112	3476
3436	3477
6012	3478
1797	3479
9748	3480
201	3481
2516	3482
1827	3483
6381	3484
9408	3485
1968	3486
1868	3487
2010	3488
7646	3489
4681	3490
9020	3491
87	3492
5214	3493
2561	3494
5079	3495
3209	3496
8153	3497
8566	3498
9452	3499
9621	3500
8811	3501
9595	3502
3586	3503
1118	3504
2204	3505
5719	3506
51	3507
4303	3508
2894	3509
5706	3510
3110	3511
4384	3512
8829	3513
4612	3514
2977	3515
1487	3516
9113	3517
3380	3518
3277	3519
4172	3520
6657	3521
4579	3522
2039	3523
297	3524
3115	3525
782	3526
3432	3527
4379	3528
3522	3529
8092	3530
6778	3531
4192	3532
646	3533
6830	3534
2185	3535
6020	3536
395	3537
7313	3538
1243	3539
7703	3540
3040	3541
2346	3542
576	3543
716	3544
2213	3545
4896	3546
7679	3547
2551	3548
9440	3549
7074	3550
6434	3551
6267	3552
1941	3553
4545	3554
1804	3555
7154	3556
6188	3557
5569	3558
2440	3559
5300	3560
3518	3561
1967	3562
451	3563
486	3564
5137	3565
5772	3566
3149	3567
724	3568
4574	3569
420	3570
7353	3571
8294	3572
1563	3573
3465	3574
5288	3575
3492	3576
7278	3577
6098	3578
209	3579
7206	3580
3242	3581
8367	3582
9382	3583
2231	3584
4516	3585
7146	3586
1726	3587
5052	3588
777	3589
3112	3590
4599	3591
4421	3592
1559	3593
4823	3594
3311	3595
6945	3596
302	3597
2685	3598
8950	3599
1494	3600
9272	3601
728	3602
838	3603
2715	3604
6138	3605
5048	3606
9787	3607
5488	3608
2888	3609
5465	3610
3852	3611
6386	3612
5842	3613
26	3614
3769	3615
2705	3616
8304	3617
1344	3618
9538	3619
6237	3620
6939	3621
7232	3622
4274	3623
7757	3624
5946	3625
560	3626
8201	3627
5544	3628
2926	3629
3336	3630
4742	3631
6984	3632
6086	3633
291	3634
2686	3635
965	3636
5885	3637
1943	3638
1402	3639
5125	3640
477	3641
1017	3642
627	3643
8906	3644
3943	3645
5256	3646
7295	3647
708	3648
5670	3649
1209	3650
8650	3651
2400	3652
5852	3653
9239	3654
5215	3655
5681	3656
9441	3657
6148	3658
660	3659
669	3660
4286	3661
700	3662
3737	3663
5514	3664
6411	3665
5269	3666
7007	3667
487	3668
266	3669
2345	3670
8081	3671
8538	3672
6089	3673
234	3674
7776	3675
9347	3676
9648	3677
5891	3678
6023	3679
3903	3680
2304	3681
672	3682
1871	3683
4435	3684
5026	3685
5141	3686
1836	3687
6084	3688
1696	3689
3084	3690
8509	3691
9588	3692
3886	3693
6880	3694
2164	3695
3919	3696
859	3697
3998	3698
7270	3699
2922	3700
6624	3701
2095	3702
7230	3703
7656	3704
6250	3705
1551	3706
9761	3707
8457	3708
3202	3709
6801	3710
3833	3711
6761	3712
5739	3713
2532	3714
1874	3715
1535	3716
5297	3717
8233	3718
4555	3719
3861	3720
9454	3721
4761	3722
3618	3723
5408	3724
9214	3725
6099	3726
6995	3727
9591	3728
47	3729
4346	3730
2909	3731
2557	3732
1720	3733
1004	3734
9795	3735
8033	3736
7271	3737
7327	3738
7563	3739
6151	3740
616	3741
6645	3742
8856	3743
3877	3744
610	3745
3085	3746
1283	3747
7179	3748
9691	3749
5592	3750
8019	3751
9141	3752
1448	3753
2298	3754
4489	3755
5627	3756
6605	3757
9100	3758
8148	3759
3017	3760
910	3761
1560	3762
3379	3763
2390	3764
9406	3765
3614	3766
6409	3767
5404	3768
152	3769
8013	3770
6887	3771
2322	3772
7110	3773
8561	3774
9395	3775
7530	3776
7819	3777
2446	3778
1220	3779
8521	3780
580	3781
2524	3782
9448	3783
9570	3784
337	3785
8544	3786
8827	3787
1435	3788
8522	3789
4963	3790
9603	3791
1708	3792
3053	3793
4223	3794
8799	3795
4453	3796
8008	3797
8814	3798
535	3799
3383	3800
6595	3801
9339	3802
5749	3803
175	3804
6651	3805
2757	3806
1363	3807
7867	3808
2003	3809
1781	3810
239	3811
9602	3812
6301	3813
5397	3814
7405	3815
7240	3816
2490	3817
3168	3818
5206	3819
23	3820
4575	3821
7184	3822
564	3823
7862	3824
7384	3825
4860	3826
8792	3827
1913	3828
3252	3829
6957	3830
3973	3831
3391	3832
5489	3833
5089	3834
4865	3835
1896	3836
7264	3837
3378	3838
4301	3839
3025	3840
4483	3841
7280	3842
9786	3843
4396	3844
1140	3845
131	3846
2184	3847
7940	3848
3544	3849
1819	3850
3216	3851
378	3852
5628	3853
8785	3854
1546	3855
8248	3856
5381	3857
7783	3858
9779	3859
3894	3860
6922	3861
568	3862
8002	3863
6466	3864
2103	3865
4619	3866
630	3867
162	3868
7265	3869
1793	3870
1722	3871
8512	3872
2933	3873
6882	3874
3987	3875
770	3876
9061	3877
3354	3878
150	3879
5517	3880
511	3881
6655	3882
5276	3883
3527	3884
2285	3885
2060	3886
90	3887
5924	3888
1810	3889
4584	3890
9685	3891
5213	3892
7531	3893
9606	3894
1949	3895
2562	3896
6688	3897
676	3898
8770	3899
9180	3900
2314	3901
1865	3902
3757	3903
5803	3904
2837	3905
7602	3906
3479	3907
1060	3908
2468	3909
3797	3910
7383	3911
1056	3912
7683	3913
2436	3914
6933	3915
8018	3916
2502	3917
413	3918
5554	3919
5640	3920
3373	3921
8211	3922
2749	3923
2727	3924
3177	3925
5863	3926
4065	3927
1092	3928
3222	3929
6273	3930
712	3931
769	3932
1745	3933
8528	3934
3418	3935
406	3936
9530	3937
8063	3938
7018	3939
8595	3940
2616	3941
9797	3942
5279	3943
6604	3944
1628	3945
4512	3946
9783	3947
458	3948
1008	3949
1517	3950
3180	3951
1034	3952
3856	3953
5011	3954
7558	3955
3318	3956
4417	3957
58	3958
4187	3959
8743	3960
2160	3961
7705	3962
1907	3963
2866	3964
9653	3965
7001	3966
8072	3967
5904	3968
2699	3969
1264	3970
9055	3971
7194	3972
2049	3973
619	3974
8714	3975
7176	3976
2743	3977
6677	3978
4930	3979
5786	3980
6107	3981
3128	3982
6588	3983
148	3984
1845	3985
1977	3986
303	3987
7990	3988
1082	3989
4409	3990
7636	3991
9205	3992
8853	3993
6141	3994
313	3995
6973	3996
373	3997
3398	3998
7252	3999
6244	4000
1775	4001
1023	4002
3990	4003
2110	4004
961	4005
7231	4006
9260	4007
520	4008
5044	4009
8402	4010
3473	4011
2590	4012
5676	4013
140	4014
6016	4015
8640	4016
8900	4017
4789	4018
5457	4019
3705	4020
4200	4021
5502	4022
7499	4023
4953	4024
362	4025
7535	4026
58	4027
3140	4028
1071	4029
5135	4030
2754	4031
5742	4032
1673	4033
1604	4034
9109	4035
5039	4036
4514	4037
9200	4038
9823	4039
5068	4040
1342	4041
9194	4042
7893	4043
3134	4044
7476	4045
22	4046
4120	4047
6398	4048
1957	4049
6435	4050
9255	4051
8234	4052
6315	4053
1645	4054
6884	4055
866	4056
3667	4057
8788	4058
9182	4059
9469	4060
414	4061
2625	4062
7671	4063
5519	4064
8889	4065
184	4066
5607	4067
4624	4068
1965	4069
4511	4070
2445	4071
8683	4072
5944	4073
3446	4074
4709	4075
7041	4076
4043	4077
5866	4078
6831	4079
6544	4080
5354	4081
4395	4082
3638	4083
1466	4084
6542	4085
7441	4086
4797	4087
3010	4088
5425	4089
4991	4090
7479	4091
5092	4092
7660	4093
1132	4094
9208	4095
1015	4096
3161	4097
8556	4098
1903	4099
9047	4100
5476	4101
8285	4102
6781	4103
2613	4104
3101	4105
9805	4106
356	4107
943	4108
6633	4109
61	4110
5791	4111
3226	4112
2168	4113
3262	4114
6269	4115
1242	4116
7886	4117
3396	4118
3251	4119
3744	4120
2016	4121
95	4122
5402	4123
9554	4124
7544	4125
1028	4126
216	4127
8492	4128
9707	4129
1752	4130
2015	4131
9259	4132
3273	4133
6251	4134
7965	4135
5099	4136
6866	4137
5474	4138
1914	4139
3895	4140
5376	4141
2925	4142
5454	4143
6197	4144
6378	4145
9736	4146
9524	4147
5042	4148
3067	4149
7255	4150
7169	4151
135	4152
4055	4153
1116	4154
5664	4155
5147	4156
6756	4157
4246	4158
8130	4159
1746	4160
3472	4161
7301	4162
6443	4163
5453	4164
7066	4165
4766	4166
5061	4167
3870	4168
7112	4169
7416	4170
2155	4171
5198	4172
7894	4173
9540	4174
818	4175
7235	4176
3211	4177
6839	4178
173	4179
273	4180
2822	4181
1729	4182
408	4183
5860	4184
6501	4185
8773	4186
4240	4187
2746	4188
8336	4189
4777	4190
9302	4191
2725	4192
7866	4193
207	4194
8400	4195
9248	4196
7730	4197
6013	4198
8949	4199
1464	4200
5902	4201
4134	4202
6850	4203
5275	4204
2474	4205
4904	4206
8526	4207
5341	4208
1378	4209
139	4210
6791	4211
4952	4212
4086	4213
865	4214
6689	4215
5630	4216
9562	4217
4217	4218
4927	4219
829	4220
4949	4221
3640	4222
4829	4223
5759	4224
1644	4225
5074	4226
109	4227
4443	4228
2356	4229
7340	4230
6502	4231
67	4232
5790	4233
2296	4234
3932	4235
2570	4236
7846	4237
8268	4238
3923	4239
5915	4240
300	4241
4048	4242
1572	4243
161	4244
4485	4245
2236	4246
8707	4247
9146	4248
1778	4249
9366	4250
4632	4251
2880	4252
2293	4253
4468	4254
5546	4255
1383	4256
2277	4257
856	4258
9072	4259
162	4260
6039	4261
108	4262
5966	4263
2657	4264
307	4265
98	4266
3835	4267
4740	4268
5002	4269
4125	4270
7908	4271
3466	4272
6878	4273
4901	4274
9599	4275
1902	4276
116	4277
124	4278
9189	4279
7060	4280
8434	4281
7515	4282
2389	4283
2707	4284
6421	4285
2601	4286
5927	4287
9202	4288
111	4289
4334	4290
6297	4291
7023	4292
857	4293
7247	4294
6202	4295
8510	4296
3684	4297
6771	4298
5656	4299
8627	4300
1646	4301
2432	4302
7928	4303
8032	4304
4818	4305
5501	4306
6327	4307
6207	4308
7158	4309
5320	4310
766	4311
8659	4312
287	4313
3491	4314
8863	4315
5856	4316
1449	4317
1145	4318
1536	4319
9221	4320
9016	4321
2252	4322
9812	4323
4737	4324
861	4325
8697	4326
5233	4327
8499	4328
3384	4329
2968	4330
4031	4331
83	4332
8728	4333
913	4334
5432	4335
1561	4336
5775	4337
3127	4338
8759	4339
2824	4340
8200	4341
1500	4342
5958	4343
5971	4344
3210	4345
7577	4346
993	4347
8420	4348
2993	4349
4085	4350
6275	4351
5270	4352
5332	4353
9368	4354
8037	4355
6004	4356
3538	4357
7061	4358
3798	4359
8810	4360
5616	4361
3682	4362
4850	4363
3162	4364
7187	4365
735	4366
1354	4367
7508	4368
7241	4369
8817	4370
8866	4371
6239	4372
179	4373
4239	4374
752	4375
6998	4376
343	4377
2286	4378
1532	4379
8957	4380
193	4381
7964	4382
2	4383
478	4384
6474	4385
36	4386
3848	4387
1817	4388
9209	4389
820	4390
7285	4391
3645	4392
6170	4393
4036	4394
1693	4395
9546	4396
2805	4397
7581	4398
2550	4399
6736	4400
7844	4401
4634	4402
9521	4403
6597	4404
215	4405
661	4406
1933	4407
3703	4408
4667	4409
4293	4410
9244	4411
144	4412
3361	4413
767	4414
2481	4415
6891	4416
44	4417
415	4418
4236	4419
6893	4420
9148	4421
7539	4422
5722	4423
3795	4424
815	4425
6284	4426
4695	4427
5817	4428
675	4429
99	4430
8578	4431
5482	4432
4442	4433
5287	4434
5662	4435
7000	4436
9136	4437
2914	4438
549	4439
6196	4440
1498	4441
2116	4442
136	4443
3671	4444
6842	4445
1870	4446
9672	4447
6453	4448
3995	4449
2014	4450
8299	4451
2604	4452
5821	4453
1788	4454
9550	4455
4810	4456
7707	4457
7852	4458
7883	4459
5677	4460
4917	4461
4025	4462
3772	4463
6714	4464
5998	4465
664	4466
9235	4467
2369	4468
8353	4469
9618	4470
5746	4471
3137	4472
2230	4473
7987	4474
2177	4475
6960	4476
3122	4477
5699	4478
427	4479
3752	4480
1144	4481
2541	4482
7159	4483
5192	4484
9284	4485
7376	4486
9278	4487
1434	4488
8678	4489
9766	4490
4444	4491
5864	4492
1671	4493
8346	4494
7259	4495
3136	4496
3201	4497
1323	4498
1332	4499
835	4500
4234	4501
4679	4502
8062	4503
5344	4504
121	4505
1947	4506
55	4507
6073	4508
3099	4509
1204	4510
6180	4511
825	4512
4834	4513
3850	4514
5056	4515
937	4516
7172	4517
4332	4518
46	4519
1347	4520
5906	4521
9762	4522
9069	4523
8693	4524
8845	4525
3955	4526
5936	4527
4733	4528
1289	4529
152	4530
2738	4531
3441	4532
7448	4533
1650	4534
1816	4535
3389	4536
1075	4537
4446	4538
8194	4539
2449	4540
8065	4541
8249	4542
2121	4543
9529	4544
8326	4545
4038	4546
181	4547
2338	4548
2792	4549
6498	4550
7404	4551
3733	4552
9502	4553
2331	4554
6328	4555
6492	4556
4011	4557
4947	4558
5696	4559
5019	4560
7525	4561
9667	4562
1403	4563
975	4564
6430	4565
7196	4566
5165	4567
2584	4568
2491	4569
6029	4570
2136	4571
8662	4572
3989	4573
6903	4574
2094	4575
655	4576
7812	4577
6159	4578
8612	4579
1625	4580
7677	4581
905	4582
6311	4583
5939	4584
4452	4585
8701	4586
6240	4587
5398	4588
5363	4589
4245	4590
8174	4591
6630	4592
2416	4593
6132	4594
4123	4595
2978	4596
6676	4597
5144	4598
8442	4599
1006	4600
4069	4601
9282	4602
8480	4603
506	4604
6777	4605
6632	4606
7246	4607
2869	4608
9741	4609
6615	4610
112	4611
322	4612
9616	4613
9642	4614
7785	4615
7643	4616
2598	4617
7905	4618
6553	4619
4307	4620
6134	4621
7015	4622
2662	4623
1715	4624
2387	4625
41	4626
529	4627
7399	4628
5717	4629
1624	4630
2680	4631
9295	4632
163	4633
2523	4634
7979	4635
9684	4636
6741	4637
9708	4638
169	4639
1632	4640
8944	4641
4956	4642
9526	4643
7474	4644
8936	4645
8708	4646
60	4647
9309	4648
9687	4649
3052	4650
9291	4651
9763	4652
7743	4653
9782	4654
8010	4655
8129	4656
2141	4657
2521	4658
3352	4659
8325	4660
9480	4661
9623	4662
2243	4663
2036	4664
3160	4665
4411	4666
2327	4667
5112	4668
553	4669
5858	4670
9613	4671
7199	4672
4774	4673
1108	4674
5738	4675
4327	4676
5868	4677
8685	4678
78	4679
6278	4680
5780	4681
9567	4682
3550	4683
9666	4684
1292	4685
7261	4686
1617	4687
4550	4688
1981	4689
141	4690
1252	4691
7759	4692
2019	4693
7815	4694
8418	4695
8643	4696
1361	4697
5220	4698
540	4699
3	4700
8215	4701
6383	4702
2138	4703
3345	4704
4674	4705
7477	4706
1206	4707
7014	4708
6292	4709
4354	4710
2009	4711
4750	4712
5935	4713
7488	4714
8502	4715
7391	4716
3410	4717
3818	4718
3612	4719
7453	4720
3866	4721
2581	4722
9355	4723
936	4724
4728	4725
5285	4726
8674	4727
8877	4728
3910	4729
7923	4730
3572	4731
5225	4732
831	4733
5636	4734
147	4735
5880	4736
1831	4737
16	4738
9240	4739
3152	4740
8912	4741
552	4742
1802	4743
9798	4744
4325	4745
6755	4746
9539	4747
7395	4748
6340	4749
9227	4750
4426	4751
4887	4752
242	4753
3026	4754
6838	4755
1900	4756
7823	4757
15	4758
5057	4759
7792	4760
7924	4761
4068	4762
634	4763
7817	4764
6037	4765
4815	4766
2627	4767
7219	4768
1682	4769
172	4770
4470	4771
5199	4772
2459	4773
681	4774
9455	4775
8488	4776
6575	4777
2626	4778
1405	4779
8486	4780
8587	4781
6731	4782
9252	4783
4651	4784
4529	4785
3635	4786
7673	4787
5012	4788
3309	4789
1038	4790
405	4791
6584	4792
9551	4793
4693	4794
3407	4795
973	4796
245	4797
1530	4798
6852	4799
7784	4800
4416	4801
9226	4802
6626	4803
6702	4804
2240	4805
4559	4806
8974	4807
7736	4808
4990	4809
4528	4810
3603	4811
2734	4812
2666	4813
8919	4814
8393	4815
604	4816
2750	4817
1661	4818
4445	4819
6034	4820
5187	4821
5826	4822
5928	4823
5245	4824
3434	4825
9322	4826
9635	4827
6017	4828
9001	4829
9283	4830
1938	4831
5205	4832
8966	4833
4676	4834
1248	4835
76	4836
5521	4837
4308	4838
9568	4839
1415	4840
3421	4841
7221	4842
7865	4843
4643	4844
8416	4845
1236	4846
2642	4847
6598	4848
5	4849
7590	4850
6912	4851
4867	4852
8689	4853
4369	4854
5029	4855
9265	4856
9095	4857
6707	4858
1446	4859
8417	4860
7655	4861
5326	4862
9734	4863
8664	4864
2622	4865
6695	4866
8767	4867
6593	4868
1416	4869
8871	4870
6594	4871
123	4872
3097	4873
5104	4874
3269	4875
5207	4876
1727	4877
2675	4878
5850	4879
6517	4880
9384	4881
6022	4882
9036	4883
9660	4884
2069	4885
8354	4886
3071	4887
2374	4888
131	4889
9433	4890
4796	4891
8173	4892
1189	4893
6025	4894
2478	4895
5960	4896
1123	4897
4487	4898
6075	4899
4093	4900
9485	4901
3299	4902
8820	4903
516	4904
9692	4905
3349	4906
7059	4907
1050	4908
8396	4909
822	4910
3670	4911
4754	4912
332	4913
4954	4914
1620	4915
7111	4916
8219	4917
2042	4918
88	4919
9693	4920
6703	4921
4787	4922
6062	4923
5358	4924
8540	4925
2209	4926
5475	4927
9555	4928
3471	4929
2683	4930
445	4931
96	4932
804	4933
3784	4934
325	4935
9767	4936
4538	4937
1453	4938
5436	4939
9808	4940
1858	4941
283	4942
4961	4943
1753	4944
8668	4945
2745	4946
1627	4947
6260	4948
3524	4949
1221	4950
6334	4951
352	4952
7203	4953
5512	4954
739	4955
2709	4956
847	4957
4958	4958
9499	4959
134	4960
1803	4961
2219	4962
9262	4963
2999	4964
5106	4965
1310	4966
4638	4967
9598	4968
5741	4969
2318	4970
232	4971
2832	4972
5059	4973
3604	4974
2982	4975
5580	4976
2586	4977
5246	4978
411	4979
3547	4980
40	4981
3247	4982
2288	4983
176	4984
1067	4985
4142	4986
3109	4987
5570	4988
9151	4989
1377	4990
4099	4991
1068	4992
8881	4993
498	4994
3590	4995
5723	4996
6667	4997
1217	4998
5793	4999
5053	5000
5800	5001
5008	5002
4466	5003
3974	5004
1460	5005
8558	5006
7075	5007
7495	5008
5273	5009
8887	5010
4988	5011
5539	5012
5767	5013
7102	5014
6355	5015
8313	5016
4764	5017
5353	5018
2260	5019
29	5020
4941	5021
4594	5022
6911	5023
8055	5024
7094	5025
8444	5026
1473	5027
7579	5028
9019	5029
9311	5030
6653	5031
324	5032
1022	5033
6908	5034
7092	5035
9444	5036
9231	5037
4606	5038
1980	5039
1969	5040
4249	5041
9009	5042
6855	5043
715	5044
1711	5045
2492	5046
3743	5047
3227	5048
4886	5049
3576	5050
500	5051
8407	5052
2206	5053
7842	5054
9811	5055
319	5056
8071	5057
2774	5058
6851	5059
9727	5060
4296	5061
5675	5062
3574	5063
6725	5064
4918	5065
5905	5066
6248	5067
952	5068
4922	5069
3386	5070
1238	5071
6312	5072
2176	5073
1787	5074
7931	5075
7720	5076
7904	5077
4399	5078
8015	5079
726	5080
490	5081
9580	5082
6550	5083
7322	5084
6375	5085
4765	5086
4781	5087
5829	5088
4948	5089
4678	5090
4216	5091
9611	5092
5994	5093
2948	5094
7380	5095
1359	5096
1674	5097
165	5098
2083	5099
758	5100
5651	5101
7650	5102
7224	5103
6091	5104
75	5105
473	5106
4749	5107
9569	5108
1630	5109
765	5110
1958	5111
701	5112
6600	5113
3348	5114
6110	5115
5530	5116
5022	5117
2456	5118
7101	5119
9224	5120
4	5121
5776	5122
4306	5123
3796	5124
2489	5125
7611	5126
6359	5127
8585	5128
9099	5129
8338	5130
6482	5131
4786	5132
7519	5133
4262	5134
3141	5135
4635	5136
3254	5137
7365	5138
7898	5139
8654	5140
7403	5141
2787	5142
3406	5143
2475	5144
341	5145
6523	5146
3745	5147
1879	5148
3598	5149
1315	5150
9718	5151
9583	5152
4710	5153
82	5154
787	5155
9790	5156
2877	5157
5617	5158
8962	5159
4136	5160
1818	5161
3966	5162
2057	5163
7949	5164
2886	5165
1942	5166
3341	5167
5536	5168
8567	5169
8589	5170
2143	5171
5210	5172
3464	5173
7555	5174
6100	5175
2412	5176
6414	5177
1925	5178
1047	5179
7574	5180
9640	5181
2652	5182
7358	5183
9263	5184
3145	5185
5730	5186
2733	5187
1738	5188
1758	5189
3364	5190
7398	5191
475	5192
5156	5193
2477	5194
5621	5195
5504	5196
901	5197
3748	5198
3898	5199
2093	5200
7748	5201
8722	5202
3977	5203
5346	5204
7363	5205
2234	5206
2421	5207
7850	5208
2624	5209
8319	5210
7269	5211
7381	5212
3266	5213
850	5214
2717	5215
40	5216
3683	5217
8879	5218
5599	5219
6527	5220
1991	5221
279	5222
9398	5223
6174	5224
5076	5225
1545	5226
9329	5227
1400	5228
5733	5229
335	5230
1126	5231
4074	5232
2649	5233
7288	5234
3439	5235
8198	5236
9280	5237
8382	5238
5876	5239
4241	5240
3633	5241
8721	5242
4691	5243
4872	5244
2633	5245
1824	5246
8493	5247
4434	5248
6977	5249
6867	5250
262	5251
626	5252
4582	5253
2307	5254
8108	5255
4976	5256
1443	5257
1481	5258
7808	5259
8981	5260
7956	5261
3763	5262
7152	5263
4795	5264
9258	5265
5281	5266
6613	5267
7522	5268
2718	5269
7177	5270
1930	5271
6525	5272
2910	5273
2549	5274
2074	5275
6154	5276
1043	5277
1298	5278
6638	5279
8269	5280
3600	5281
136	5282
914	5283
828	5284
8786	5285
289	5286
5447	5287
6693	5288
2443	5289
3114	5290
2299	5291
1392	5292
4504	5293
3935	5294
793	5295
8996	5296
6348	5297
8397	5298
6899	5299
6282	5300
3570	5301
5337	5302
7283	5303
7229	5304
4009	5305
9624	5306
960	5307
763	5308
8884	5309
2535	5310
6873	5311
10	5312
150	5313
7087	5314
5834	5315
1548	5316
6625	5317
3246	5318
5942	5319
6981	5320
5306	5321
8932	5322
4809	5323
1278	5324
5602	5325
6245	5326
9027	5327
5374	5328
6524	5329
5188	5330
7562	5331
7217	5332
3462	5333
1147	5334
8619	5335
8768	5336
780	5337
2437	5338
2002	5339
9759	5340
5783	5341
964	5342
1710	5343
2156	5344
9392	5345
5083	5346
8967	5347
9281	5348
8835	5349
1107	5350
50	5351
1822	5352
4912	5353
8398	5354
4264	5355
8491	5356
65	5357
7346	5358
8374	5359
9223	5360
5608	5361
6992	5362
9678	5363
2343	5364
7917	5365
4095	5366
690	5367
1516	5368
4503	5369
9342	5370
6698	5371
4367	5372
995	5373
8574	5374
1318	5375
9050	5376
9638	5377
2218	5378
8592	5379
2843	5380
14	5381
8537	5382
2245	5383
2771	5384
832	5385
5437	5386
9504	5387
6820	5388
6589	5389
3868	5390
6818	5391
7071	5392
7006	5393
2525	5394
8688	5395
7826	5396
4799	5397
2196	5398
5635	5399
4030	5400
9373	5401
583	5402
4180	5403
774	5404
6577	5405
5091	5406
8604	5407
969	5408
6068	5409
682	5410
7856	5411
2301	5412
7932	5413
6342	5414
5342	5415
7829	5416
3009	5417
1877	5418
8475	5419
7081	5420
2950	5421
4189	5422
4231	5423
6002	5424
2394	5425
3506	5426
1110	5427
6823	5428
9335	5429
638	5430
6590	5431
3637	5432
8769	5433
3912	5434
9601	5435
7758	5436
7916	5437
9060	5438
8361	5439
4057	5440
3891	5441
6835	5442
3812	5443
2711	5444
2995	5445
6336	5446
9559	5447
1086	5448
49	5449
7896	5450
3198	5451
1593	5452
3270	5453
2227	5454
4753	5455
5535	5456
66	5457
7359	5458
3533	5459
1653	5460
9714	5461
6296	5462
5430	5463
3363	5464
1851	5465
1424	5466
4357	5467
3437	5468
8125	5469
1013	5470
6363	5471
5045	5472
2418	5473
7002	5474
8203	5475
59	5476
7899	5477
2580	5478
4152	5479
4311	5480
4650	5481
6982	5482
7881	5483
9722	5484
1336	5485
2262	5486
601	5487
7569	5488
7934	5489
3928	5490
9197	5491
9784	5492
8087	5493
785	5494
5186	5495
328	5496
8240	5497
284	5498
8647	5499
6329	5500
3778	5501
1610	5502
119	5503
8503	5504
6599	5505
4440	5506
891	5507
9749	5508
2656	5509
7420	5510
3578	5511
7803	5512
2290	5513
6357	5514
114	5515
8815	5516
5688	5517
5212	5518
2559	5519
2719	5520
9791	5521
5116	5522
5907	5523
6740	5524
1180	5525
3814	5526
9381	5527
5798	5528
3971	5529
3951	5530
927	5531
7032	5532
7239	5533
6803	5534
9450	5535
7198	5536
7861	5537
5204	5538
8157	5539
5736	5540
453	5541
5422	5542
5217	5543
8250	5544
4005	5545
1749	5546
6123	5547
8283	5548
261	5549
165	5550
8404	5551
8278	5552
5750	5553
8658	5554
2162	5555
3315	5556
1611	5557
2454	5558
5929	5559
4312	5560
8641	5561
9491	5562
999	5563
547	5564
6106	5565
6825	5566
4659	5567
6388	5568
833	5569
9	5570
3477	5571
2828	5572
8515	5573
948	5574
4029	5575
1463	5576
7378	5577
339	5578
3241	5579
4602	5580
8857	5581
9188	5582
1234	5583
9421	5584
6558	5585
3030	5586
2543	5587
9059	5588
9590	5589
704	5590
1120	5591
1329	5592
8303	5593
6837	5594
6581	5595
6936	5596
4672	5597
9579	5598
7390	5599
4984	5600
4883	5601
4877	5602
9492	5603
7686	5604
3138	5605
7606	5606
2617	5607
3792	5608
8293	5609
44	5610
2785	5611
4577	5612
8135	5613
8049	5614
3249	5615
9334	5616
3203	5617
9204	5618
4146	5619
7501	5620
3996	5621
1972	5622
4636	5623
5293	5624
4994	5625
8622	5626
929	5627
8541	5628
1399	5629
9725	5630
1409	5631
4616	5632
870	5633
7807	5634
5321	5635
202	5636
1895	5637
3175	5638
7020	5639
2123	5640
3783	5641
3000	5642
843	5643
2040	5644
4715	5645
3075	5646
6583	5647
5916	5648
8054	5649
2669	5650
3147	5651
7955	5652
4137	5653
6622	5654
7385	5655
2000	5656
6744	5657
9445	5658
2351	5659
6500	5660
2506	5661
2438	5662
3205	5663
8711	5664
5984	5665
6224	5666
501	5667
377	5668
8485	5669
7678	5670
1700	5671
6113	5672
2120	5673
623	5674
3427	5675
6580	5676
5980	5677
103	5678
7208	5679
2945	5680
1014	5681
6985	5682
2640	5683
7996	5684
3092	5685
2813	5686
3938	5687
330	5688
5426	5689
4419	5690
48	5691
2508	5692
6117	5693
4436	5694
177	5695
4104	5696
336	5697
5390	5698
2671	5699
3793	5700
5446	5701
889	5702
1458	5703
8894	5704
251	5705
6173	5706
1356	5707
6035	5708
4827	5709
4363	5710
4520	5711
5164	5712
7825	5713
3669	5714
1906	5715
4629	5716
4926	5717
8490	5718
7104	5719
4871	5720
545	5721
2808	5722
9744	5723
7601	5724
8217	5725
8329	5726
6909	5727
7879	5728
5653	5729
2336	5730
133	5731
1476	5732
9686	5733
4014	5734
9429	5735
6808	5736
6160	5737
551	5738
7961	5739
8774	5740
5625	5741
8914	5742
1367	5743
7992	5744
7316	5745
4687	5746
4873	5747
7486	5748
7377	5749
2555	5750
955	5751
2773	5752
1603	5753
1300	5754
4138	5755
1956	5756
6857	5757
527	5758
5113	5759
7550	5760
2938	5761
2511	5762
3194	5763
9276	5764
4932	5765
3370	5766
2335	5767
1706	5768
3953	5769
7170	5770
4097	5771
9286	5772
6069	5773
679	5774
2826	5775
2200	5776
8543	5777
6647	5778
5801	5779
5892	5780
4973	5781
2494	5782
8588	5783
3991	5784
4847	5785
3074	5786
1888	5787
5766	5788
2997	5789
9390	5790
7160	5791
4415	5792
3909	5793
1936	5794
9000	5795
3503	5796
7801	5797
2539	5798
2179	5799
371	5800
404	5801
2665	5802
4712	5803
8206	5804
4505	5805
1763	5806
2871	5807
9416	5808
5020	5809
559	5810
7421	5811
5680	5812
1187	5813
1406	5814
8161	5815
5072	5816
4173	5817
611	5818
9518	5819
7625	5820
8968	5821
7971	5822
4706	5823
7200	5824
203	5825
2316	5826
7854	5827
1387	5828
4054	5829
1021	5830
6175	5831
8340	5832
5359	5833
6322	5834
168	5835
7975	5836
9165	5837
5747	5838
1979	5839
1358	5840
2501	5841
7330	5842
8107	5843
1640	5844
8096	5845
1520	5846
9743	5847
312	5848
5908	5849
3970	5850
2503	5851
1713	5852
7684	5853
4849	5854
2409	5855
2597	5856
3690	5857
9356	5858
7465	5859
1070	5860
5769	5861
470	5862
6815	5863
6229	5864
652	5865
9051	5866
6758	5867
5658	5868
6768	5869
9242	5870
4812	5871
2571	5872
9453	5873
7212	5874
2187	5875
7279	5876
4122	5877
8145	5878
2949	5879
8445	5880
4666	5881
2865	5882
9122	5883
4965	5884
7523	5885
2688	5886
3031	5887
1319	5888
1455	5889
351	5890
1479	5891
2006	5892
7754	5893
8458	5894
375	5895
2239	5896
713	5897
4631	5898
6565	5899
8357	5900
8280	5901
1122	5902
3786	5903
1117	5904
6563	5905
5364	5906
1423	5907
3666	5908
4323	5909
7086	5910
4145	5911
9533	5912
5003	5913
6705	5914
6684	5915
1225	5916
8119	5917
8860	5918
295	5919
821	5920
3164	5921
3747	5922
3913	5923
8517	5924
4785	5925
6203	5926
2801	5927
6576	5928
1049	5929
6131	5930
6797	5931
5	5932
6993	5933
6429	5934
1578	5935
5356	5936
2451	5937
3324	5938
4127	5939
4451	5940
7498	5941
895	5942
4718	5943
3559	5944
9293	5945
615	5946
6718	5947
3648	5948
2634	5949
107	5950
3292	5951
3641	5952
7639	5953
213	5954
6361	5955
6927	5956
9352	5957
4519	5958
7058	5959
4859	5960
3351	5961
4925	5962
110	5963
3945	5964
2341	5965
4578	5966
1552	5967
8472	5968
7226	5969
1194	5970
4427	5971
5881	5972
3873	5973
842	5974
2827	5975
4879	5976
2887	5977
2063	5978
4499	5979
7549	5980
3486	5981
8016	5982
8172	5983
5550	5984
1413	5985
2944	5986
1431	5987
5745	5988
2898	5989
8243	5990
3502	5991
4070	5992
5839	5993
2018	5994
4337	5995
2954	5996
113	5997
446	5998
1901	5999
753	6000
8858	6001
9771	6002
5338	6003
2150	6004
4304	6005
5118	6006
194	6007
4825	6008
5462	6009
3761	6010
6733	6011
8793	6012
1304	6013
99	6014
9723	6015
4870	6016
1112	6017
4458	6018
1731	6019
3530	6020
5262	6021
5555	6022
7605	6023
3199	6024
4955	6025
8984	6026
2085	6027
9715	6028
2602	6029
5813	6030
9489	6031
7253	6032
5626	6033
2615	6034
9155	6035
2077	6036
4627	6037
433	6038
9068	6039
2111	6040
7397	6041
493	6042
4980	6043
19	6044
5100	6045
8056	6046
5271	6047
5508	6048
4611	6049
514	6050
223	6051
7209	6052
8306	6053
7490	6054
5770	6055
754	6056
1579	6057
4372	6058
958	6059
4920	6060
783	6061
5955	6062
8378	6063
6209	6064
4684	6065
3181	6066
756	6067
7440	6068
6631	6069
3782	6070
6591	6071
6026	6072
762	6073
5618	6074
3232	6075
6829	6076
7195	6077
2337	6078
8020	6079
2233	6080
8114	6081
7419	6082
9046	6083
5366	6084
3146	6085
4476	6086
984	6087
1327	6088
5528	6089
5066	6090
3899	6091
1547	6092
5190	6093
1519	6094
4143	6095
663	6096
3715	6097
6425	6098
8380	6099
8888	6100
8638	6101
4734	6102
7588	6103
366	6104
3499	6105
603	6106
7429	6107
8470	6108
2249	6109
3700	6110
6794	6111
1102	6112
2579	6113
5771	6114
4225	6115
8970	6116
5894	6117
5999	6118
7151	6119
6661	6120
8230	6121
9401	6122
4406	6123
922	6124
1983	6125
5682	6126
9331	6127
8454	6128
357	6129
8007	6130
1808	6131
8011	6132
4595	6133
6364	6134
1066	6135
1156	6136
35	6137
5050	6138
7350	6139
7021	6140
7462	6141
7914	6142
45	6143
7891	6144
7943	6145
8615	6146
9053	6147
3016	6148
6720	6149
6211	6150
6572	6151
1256	6152
2413	6153
210	6154
3474	6155
2498	6156
13	6157
7597	6158
3456	6159
5080	6160
8138	6161
7781	6162
89	6163
1374	6164
8940	6165
7702	6166
963	6167
534	6168
7880	6169
9587	6170
7437	6171
574	6172
1647	6173
9091	6174
8680	6175
8221	6176
6925	6177
8435	6178
7214	6179
5900	6180
3701	6181
2104	6182
4696	6183
3552	6184
2964	6185
3095	6186
3408	6187
11	6188
2172	6189
3764	6190
2966	6191
4543	6192
5588	6193
8990	6194
9321	6195
1577	6196
6157	6197
5796	6198
4677	6199
1219	6200
2868	6201
3111	6202
8690	6203
7900	6204
5243	6205
9043	6206
3253	6207
502	6208
5947	6209
9760	6210
4064	6211
9677	6212
3024	6213
1078	6214
7533	6215
558	6216
2927	6217
7537	6218
4756	6219
7494	6220
2207	6221
8692	6222
5267	6223
2817	6224
5853	6225
1724	6226
7290	6227
748	6228
5239	6229
8553	6230
4433	6231
3037	6232
460	6233
6928	6234
7746	6235
5912	6236
4794	6237
6014	6238
9038	6239
893	6240
8123	6241
7254	6242
6716	6243
5175	6244
4716	6245
585	6246
7638	6247
8255	6248
8757	6249
5139	6250
3925	6251
6489	6252
9098	6253
5221	6254
1973	6255
6081	6256
9247	6257
7475	6258
519	6259
5805	6260
3589	6261
326	6262
8665	6263
6345	6264
5283	6265
6643	6266
5762	6267
2007	6268
2484	6269
293	6270
6802	6271
8961	6272
9328	6273
5590	6274
1828	6275
7451	6276
7689	6277
1886	6278
5347	6279
2373	6280
7375	6281
8335	6282
2558	6283
3944	6284
868	6285
3187	6286
4557	6287
6218	6288
8821	6289
9162	6290
5561	6291
1148	6292
6649	6293
163	6294
8473	6295
5479	6296
8425	6297
5033	6298
7935	6299
6681	6300
6187	6301
1053	6302
8251	6303
8577	6304
9070	6305
5049	6306
8004	6307
7425	6308
4900	6309
8205	6310
3766	6311
8352	6312
2692	6313
8029	6314
6216	6315
1429	6316
2259	6317
2807	6318
8213	6319
6000	6320
9357	6321
2797	6322
7832	6323
3484	6324
9724	6325
4310	6326
3019	6327
1059	6328
6366	6329
178	6330
3131	6331
8344	6332
2163	6333
3824	6334
2167	6335
6439	6336
6395	6337
5703	6338
288	6339
617	6340
2471	6341
3838	6342
3371	6343
4985	6344
4548	6345
2811	6346
6408	6347
8389	6348
6044	6349
7986	6350
5180	6351
9396	6352
7360	6353
6509	6354
6535	6355
5434	6356
4071	6357
1539	6358
7147	6359
5459	6360
8453	6361
7547	6362
4863	6363
813	6364
4861	6365
2794	6366
54	6367
5442	6368
6570	6369
938	6370
7149	6371
8816	6372
1540	6373
906	6374
8776	6375
1471	6376
508	6377
5090	6378
3442	6379
376	6380
1919	6381
7794	6382
249	6383
1073	6384
7166	6385
7178	6386
1585	6387
1899	6388
7031	6389
4112	6390
1576	6391
3094	6392
1290	6393
3355	6394
9483	6395
5340	6396
8067	6397
8500	6398
1573	6399
9709	6400
6493	6401
6804	6402
4551	6403
3545	6404
2159	6405
1025	6406
581	6407
3217	6408
5632	6409
8082	6410
3412	6411
6313	6412
3965	6413
933	6414
7649	6415
8031	6416
114	6417
8655	6418
8610	6419
1582	6420
7571	6421
4843	6422
3496	6423
1198	6424
1320	6425
1740	6426
3393	6427
4178	6428
1998	6429
2710	6430
5954	6431
4413	6432
1134	6433
2704	6434
6841	6435
4161	6436
7885	6437
4510	6438
1678	6439
120	6440
7410	6441
8736	6442
5951	6443
4073	6444
5058	6445
6283	6446
7576	6447
153	6448
8666	6449
9586	6450
3212	6451
118	6452
5709	6453
5972	6454
6999	6455
8182	6456
4802	6457
2062	6458
7902	6459
2724	6460
1129	6461
6213	6462
2067	6463
8902	6464
8448	6465
2536	6466
5990	6467
8505	6468
2526	6469
4282	6470
1885	6471
5157	6472
3387	6473
227	6474
2047	6475
983	6476
1303	6477
9004	6478
524	6479
5914	6480
9431	6481
9274	6482
1035	6483
6272	6484
8755	6485
410	6486
5308	6487
2161	6488
9150	6489
1128	6490
8696	6491
1542	6492
316	6493
8347	6494
6184	6495
4347	6496
1141	6497
4628	6498
1978	6499
3411	6500
3230	6501
7193	6502
3575	6503
6522	6504
3133	6505
1513	6506
9315	6507
6450	6508
8669	6509
9700	6510
252	6511
1269	6512
757	6513
7599	6514
6371	6515
5230	6516
9199	6517
1946	6518
2538	6519
6076	6520
5959	6521
7293	6522
5406	6523
9706	6524
4623	6525
5410	6526
7207	6527
2706	6528
6694	6529
8928	6530
1135	6531
9742	6532
2442	6533
8747	6534
6162	6535
1030	6536
1274	6537
2388	6538
515	6539
6745	6540
1411	6541
7878	6542
9159	6543
1445	6544
4644	6545
57	6546
521	6547
7687	6548
8478	6549
74	6550
4607	6551
138	6552
2603	6553
7161	6554
3801	6555
573	6556
2190	6557
1183	6558
6049	6559
5731	6560
7205	6561
522	6562
8652	6563
398	6564
137	6565
9171	6566
459	6567
904	6568
5387	6569
488	6570
2920	6571
6142	6572
1371	6573
2878	6574
7903	6575
1568	6576
4424	6577
8632	6578
5789	6579
4473	6580
8169	6581
3845	6582
73	6583
431	6584
7272	6585
7442	6586
5035	6587
940	6588
1986	6589
3756	6590
6885	6591
8557	6592
6324	6593
3494	6594
903	6595
620	6596
7765	6597
6228	6598
3192	6599
5361	6600
8975	6601
1137	6602
7715	6603
9643	6604
7210	6605
6247	6606
4224	6607
250	6608
1457	6609
8245	6610
9495	6611
5543	6612
3660	6613
8091	6614
2939	6615
8511	6616
3567	6617
6396	6618
1898	6619
5010	6620
3468	6621
9505	6622
5888	6623
2075	6624
1912	6625
2981	6626
3328	6627
1202	6628
882	6629
9541	6630
1011	6631
694	6632
5705	6633
8998	6634
4950	6635
27	6636
3298	6637
3402	6638
1173	6639
6326	6640
1322	6641
6249	6642
5781	6643
2073	6644
7114	6645
7248	6646
6090	6647
7051	6648
6874	6649
8227	6650
959	6651
9233	6652
2618	6653
9206	6654
3124	6655
4021	6656
5814	6657
4132	6658
7800	6659
5031	6660
1113	6661
6990	6662
1282	6663
1146	6664
990	6665
5133	6666
5096	6667
1285	6668
5467	6669
432	6670
5357	6671
8394	6672
598	6673
7078	6674
7608	6675
8576	6676
1036	6677
6307	6678
7436	6679
151	6680
946	6681
3851	6682
3306	6683
4376	6684
9652	6685
9056	6686
5922	6687
863	6688
789	6689
7173	6690
7681	6691
8064	6692
4656	6693
3281	6694
7548	6695
2660	6696
4272	6697
440	6698
6045	6699
384	6700
2767	6701
2488	6702
2965	6703
4390	6704
1093	6705
9698	6706
3416	6707
3073	6708
5336	6709
6846	6710
4752	6711
9777	6712
3826	6713
7188	6714
3366	6715
8908	6716
7640	6717
4081	6718
5697	6719
1244	6720
8238	6721
7658	6722
3344	6723
4471	6724
4968	6725
5305	6726
2223	6727
9806	6728
8048	6729
6293	6730
622	6731
4033	6732
3174	6733
6569	6734
7631	6735
9093	6736
7755	6737
5583	6738
8061	6739
145	6740
9436	6741
8106	6742
9665	6743
5622	6744
390	6745
5837	6746
7762	6747
731	6748
9493	6749
4995	6750
104	6751
8408	6752
2554	6753
388	6754
1992	6755
4046	6756
684	6757
8199	6758
4637	6759
8373	6760
4725	6761
434	6762
9747	6763
982	6764
6521	6765
8695	6766
8276	6767
7412	6768
1672	6769
2313	6770
5470	6771
9676	6772
8085	6773
6194	6774
1619	6775
8014	6776
7680	6777
1534	6778
4560	6779
7044	6780
9463	6781
6578	6782
6294	6783
5310	6784
640	6785
243	6786
6065	6787
2689	6788
8134	6789
3495	6790
360	6791
4438	6792
4077	6793
1491	6794
2879	6795
1961	6796
5237	6797
8110	6798
171	6799
7665	6800
8892	6801
48	6802
6663	6803
1944	6804
7413	6805
5149	6806
7912	6807
2760	6808
9514	6809
4188	6810
3985	6811
2589	6812
4207	6813
3043	6814
3335	6815
7732	6816
691	6817
9625	6818
397	6819
881	6820
525	6821
851	6822
1029	6823
3093	6824
142	6825
9657	6826
9301	6827
6402	6828
9319	6829
8623	6830
9649	6831
5587	6832
5941	6833
662	6834
2695	6835
4671	6836
164	6837
3166	6838
2026	6839
5417	6840
9619	6841
2739	6842
3453	6843
4096	6844
5721	6845
5937	6846
9253	6847
934	6848
2402	6849
2682	6850
569	6851
4524	6852
138	6853
1508	6854
5691	6855
1609	6856
7167	6857
3028	6858
1905	6859
4542	6860
7853	6861
1684	6862
839	6863
5510	6864
5473	6865
953	6866
7858	6867
1927	6868
3481	6869
9294	6870
5195	6871
4012	6872
4962	6873
402	6874
5016	6875
8705	6876
7449	6877
812	6878
4248	6879
6093	6880
1273	6881
8363	6882
837	6883
9361	6884
7338	6885
6300	6886
9810	6887
3774	6888
9228	6889
3123	6890
3505	6891
4247	6892
7527	6893
6176	6894
109	6895
8865	6896
9695	6897
3510	6898
3233	6899
1686	6900
7073	6901
4913	6902
3807	6903
2182	6904
2119	6905
3321	6906
4260	6907
1277	6908
2113	6909
2222	6910
9511	6911
158	6912
9198	6913
2563	6914
4969	6915
2031	6916
2395	6917
7157	6918
8190	6919
8839	6920
8663	6921
2132	6922
5418	6923
8790	6924
6722	6925
5416	6926
3193	6927
2500	6928
3959	6929
8483	6930
9434	6931
677	6932
4028	6933
7153	6934
7292	6935
3905	6936
5240	6937
919	6938
8795	6939
4902	6940
4052	6941
9833	6942
1099	6943
5949	6944
2552	6945
7234	6946
1826	6947
8038	6948
6536	6949
7043	6950
2038	6951
8582	6952
1635	6953
4285	6954
1130	6955
5294	6956
8366	6957
7439	6958
6926	6959
4923	6960
6743	6961
5695	6962
2932	6963
1287	6964
9432	6965
1544	6966
1751	6967
8718	6968
5629	6969
8804	6970
1127	6971
5756	6972
7849	6973
7289	6974
2708	6975
30	6976
8656	6977
6111	6978
268	6979
4960	6980
5649	6981
1314	6982
1218	6983
2201	6984
1976	6985
5620	6986
9012	6987
5828	6988
5964	6989
1396	6990
9746	6991
977	6992
1201	6993
5322	6994
5612	6995
3120	6996
1468	6997
4213	6998
3068	6999
9167	7000
9816	7001
3981	7002
6785	7003
3676	7004
4300	7005
8176	7006
5107	7007
1172	7008
3653	7009
4343	7010
124	7011
6385	7012
3275	7013
26	7014
134	7015
1655	7016
7910	7017
417	7018
884	7019
6472	7020
2577	7021
198	7022
310	7023
7148	7024
2629	7025
259	7026
5345	7027
41	7028
1621	7029
7561	7030
4324	7031
1164	7032
7103	7033
9494	7034
2830	7035
2959	7036
8593	7037
6370	7038
448	7039
6819	7040
740	7041
5718	7042
6199	7043
5645	7044
6691	7045
5483	7046
4273	7047
5290	7048
5811	7049
359	7050
4400	7051
4835	7052
407	7053
5151	7054
9139	7055
2758	7056
8606	7057
1511	7058
7127	7059
9813	7060
482	7061
4506	7062
9346	7063
1200	7064
8549	7065
1768	7066
1	7067
2681	7068
9270	7069
7211	7070
6709	7071
2216	7072
2324	7073
1669	7074
9447	7075
5486	7076
505	7077
7528	7078
4175	7079
7701	7080
5527	7081
497	7082
25	7083
7119	7084
6484	7085
1996	7086
23	7087
7107	7088
4294	7089
8498	7090
4315	7091
8626	7092
5485	7093
9457	7094
3200	7095
9737	7096
1412	7097
8494	7098
6030	7099
3135	7100
8600	7101
5667	7102
4432	7103
6191	7104
7942	7105
4655	7106
71	7107
2174	7108
6994	7109
9688	7110
6821	7111
8090	7112
7511	7113
4006	7114
7653	7115
7540	7116
5795	7117
4496	7118
4521	7119
8192	7120
113	7121
5280	7122
4162	7123
7809	7124
988	7125
8441	7126
8289	7127
38	7128
73	7129
3681	7130
6121	7131
1581	7132
2470	7133
9628	7134
6235	7135
2221	7136
8931	7137
8977	7138
8252	7139
4491	7140
1702	7141
2845	7142
5575	7143
8646	7144
9010	7145
6540	7146
2309	7147
9296	7148
8235	7149
4227	7150
3271	7151
7726	7152
340	7153
6070	7154
4668	7155
1783	7156
5082	7157
1806	7158
5849	7159
8991	7160
7723	7161
9087	7162
9092	7163
6054	7164
8202	7165
2751	7166
3334	7167
1100	7168
5229	7169
925	7170
3827	7171
9694	7172
8915	7173
6397	7174
4522	7175
6954	7176
60	7177
4791	7178
4851	7179
2171	7180
3282	7181
699	7182
3707	7183
689	7184
5371	7185
387	7186
8572	7187
8704	7188
1512	7189
5480	7190
908	7191
1192	7192
9464	7193
1509	7194
5978	7195
743	7196
6983	7197
1475	7198
1832	7199
1293	7200
7669	7201
4230	7202
3933	7203
3849	7204
4743	7205
159	7206
1525	7207
1777	7208
6668	7209
9238	7210
2256	7211
742	7212
471	7213
6711	7214
2937	7215
6920	7216
3508	7217
9225	7218
1284	7219
7328	7220
7034	7221
9663	7222
4892	7223
3087	7224
5143	7225
7627	7226
923	7227
5511	7228
2139	7229
1465	7230
1143	7231
7336	7232
1454	7233
2834	7234
5055	7235
2170	7236
2582	7237
8929	7238
7797	7239
1765	7240
2701	7241
5259	7242
4814	7243
2250	7244
1564	7245
8682	7246
5431	7247
9510	7248
751	7249
7982	7250
4330	7251
7709	7252
1924	7253
3771	7254
7370	7255
1265	7256
8691	7257
3930	7258
1492	7259
8459	7260
2125	7261
1772	7262
4601	7263
9560	7264
4378	7265
1085	7266
9422	7267
141	7268
5889	7269
5132	7270
635	7271
8006	7272
7372	7273
3706	7274
792	7275
890	7276
5737	7277
2347	7278
9473	7279
34	7280
3830	7281
6036	7282
7122	7283
3076	7284
5339	7285
8982	7286
7291	7287
2472	7288
4157	7289
1716	7290
2188	7291
4348	7292
1813	7293
6592	7294
8710	7295
3239	7296
5176	7297
4383	7298
1590	7299
8218	7300
3377	7301
4429	7302
5407	7303
4319	7304
9147	7305
7685	7306
9375	7307
2651	7308
2646	7309
7300	7310
1211	7311
191	7312
4805	7313
183	7314
255	7315
987	7316
894	7317
5160	7318
7989	7319
2913	7320
9232	7321
7422	7322
3770	7323
9308	7324
8847	7325
6915	7326
8128	7327
9696	7328
1966	7329
3649	7330
2764	7331
7050	7332
6609	7333
5411	7334
4108	7335
9215	7336
4745	7337
1814	7338
9362	7339
7741	7340
6775	7341
5897	7342
4196	7343
6601	7344
8870	7345
8358	7346
2595	7347
4027	7348
4719	7349
9520	7350
7941	7351
6201	7352
4111	7353
9330	7354
6805	7355
9106	7356
8992	7357
5352	7358
966	7359
5254	7360
1447	7361
1594	7362
3023	7363
6279	7364
7921	7365
5566	7366
814	7367
1018	7368
7830	7369
77	7370
3809	7371
6309	7372
4022	7373
4586	7374
1999	7375
3091	7376
7553	7377
1096	7378
2793	7379
8487	7380
4500	7381
9407	7382
3002	7383
3526	7384
3805	7385
9585	7386
5264	7387
3775	7388
5111	7389
7048	7390
5571	7391
9612	7392
764	7393
2661	7394
5278	7395
2180	7396
275	7397
5896	7398
605	7399
6463	7400
7027	7401
9519	7402
8026	7403
8102	7404
5503	7405
421	7406
7567	7407
7929	7408
6537	7409
3338	7410
4921	7411
2052	7412
7331	7413
5231	7414
156	7415
2210	7416
4026	7417
2152	7418
2574	7419
9655	7420
1366	7421
3260	7422
9063	7423
673	7424
3692	7425
394	7426
5540	7427
9077	7428
6950	7429
7019	7430
2467	7431
4822	7432
8763	7433
8594	7434
8803	7435
6445	7436
6949	7437
3487	7438
7864	7439
3069	7440
8450	7441
2323	7442
3693	7443
9468	7444
9462	7445
5700	7446
2408	7447
7670	7448
9484	7449
6617	7450
2791	7451
1663	7452
3773	7453
4058	7454
2344	7455
924	7456
3054	7457
3917	7458
76	7459
9008	7460
5448	7461
1844	7462
5606	7463
8507	7464
823	7465
541	7466
6723	7467
4846	7468
536	7469
6701	7470
7751	7471
9135	7472
19	7473
5455	7474
9466	7475
3658	7476
3449	7477
3047	7478
3834	7479
2107	7480
7	7481
9683	7482
4238	7483
7768	7484
2628	7485
3240	7486
3776	7487
2831	7488
6620	7489
6900	7490
8124	7491
2078	7492
877	7493
5830	7494
2128	7495
5328	7496
1182	7497
8051	7498
2534	7499
9156	7500
6996	7501
2332	7502
1680	7503
9552	7504
442	7505
8883	7506
8150	7507
5808	7508
9459	7509
2576	7510
2983	7511
5582	7512
7818	7513
8838	7514
4874	7515
5862	7516
9103	7517
7496	7518
772	7519
6750	7520
2544	7521
9353	7522
1608	7523
2786	7524
4212	7525
3424	7526
3409	7527
3975	7528
8852	7529
1723	7530
1744	7531
8189	7532
6008	7533
5970	7534
7738	7535
1207	7536
7514	7537
6352	7538
7780	7539
5316	7540
5562	7541
1588	7542
5589	7543
4176	7544
2591	7545
1331	7546
5211	7547
577	7548
3374	7549
6033	7550
4016	7551
8726	7552
986	7553
403	7554
8501	7555
6485	7556
7857	7557
1016	7558
6956	7559
277	7560
8231	7561
1210	7562
2777	7563
190	7564
4003	7565
1959	7566
2118	7567
4185	7568
9794	7569
1964	7570
5054	7571
8924	7572
8586	7573
9168	7574
542	7575
1306	7576
4824	7577
2703	7578
1937	7579
3440	7580
9430	7581
4544	7582
9104	7583
2086	7584
1160	7585
5988	7586
7046	7587
695	7588
2520	7589
2659	7590
1748	7591
9516	7592
6114	7593
2697	7594
3543	7595
2005	7596
4276	7597
7307	7598
2359	7599
7215	7600
9271	7601
4425	7602
8989	7603
1334	7604
4106	7605
3739	7606
3148	7607
3061	7608
2134	7609
1106	7610
6764	7611
6946	7612
7760	7613
2035	7614
8410	7615
1009	7616
3542	7617
2611	7618
8239	7619
1394	7620
7919	7621
7257	7622
7424	7623
18	7624
2788	7625
2638	7626
2441	7627
20	7628
2810	7629
7851	7630
3661	7631
1505	7632
3250	7633
3726	7634
6461	7635
9711	7636
8256	7637
7742	7638
4854	7639
9597	7640
7833	7641
4001	7642
8461	7643
8084	7644
7237	7645
5832	7646
5258	7647
504	7648
9413	7649
7568	7650
3606	7651
4277	7652
3893	7653
2268	7654
1796	7655
2157	7656
5255	7657
5515	7658
3937	7659
4694	7660
8159	7661
72	7662
6547	7663
342	7664
2766	7665
1295	7666
1606	7667
7966	7668
6870	7669
9634	7670
9101	7671
148	7672
8648	7673
389	7674
5238	7675
5871	7676
2916	7677
4735	7678
8653	7679
6015	7680
1994	7681
6059	7682
5108	7683
7969	7684
271	7685
93	7686
358	7687
9809	7688
590	7689
1268	7690
126	7691
4292	7692
5174	7693
3303	7694
8734	7695
5395	7696
2804	7697
1911	7698
5969	7699
7984	7700
381	7701
8264	7702
1910	7703
86	7704
9121	7705
4356	7706
6290	7707
4895	7708
9668	7709
4318	7710
5604	7711
9647	7712
5145	7713
9079	7714
696	7715
4790	7716
3104	7717
3882	7718
648	7719
6270	7720
187	7721
7472	7722
2698	7723
2963	7724
6856	7725
8258	7726
6390	7727
9641	7728
1533	7729
3540	7730
8158	7731
4806	7732
8611	7733
7676	7734
2759	7735
5097	7736
8995	7737
1343	7738
8479	7739
2029	7740
5247	7741
6747	7742
1629	7743
7718	7744
4480	7745
7991	7746
8036	7747
5558	7748
5751	7749
1990	7750
7869	7751
3632	7752
5624	7753
298	7754
2013	7755
1864	7756
57	7757
8901	7758
6529	7759
7469	7760
1499	7761
2972	7762
4019	7763
8463	7764
230	7765
7083	7766
3926	7767
3583	7768
4648	7769
845	7770
7294	7771
2859	7772
2809	7773
5103	7774
4328	7775
2444	7776
3078	7777
6120	7778
5315	7779
8274	7780
1215	7781
6046	7782
4987	7783
4349	7784
9548	7785
7993	7786
9411	7787
5586	7788
1555	7789
5414	7790
51	7791
9307	7792
5665	7793
7192	7794
618	7795
6338	7796
907	7797
781	7798
5596	7799
8025	7800
8945	7801
2363	7802
4759	7803
7260	7804
1010	7805
118	7806
1467	7807
8452	7808
9470	7809
7740	7810
2460	7811
9627	7812
4647	7813
7098	7814
6410	7815
2295	7816
3859	7817
3631	7818
5412	7819
7267	7820
2415	7821
3896	7822
4881	7823
3429	7824
3609	7825
6674	7826
2232	7827
4704	7828
900	7829
4089	7830
5657	7831
1195	7832
8753	7833
4798	7834
2917	7835
9775	7836
807	7837
1993	7838
1364	7839
6706	7840
2592	7841
7937	7842
4088	7843
3591	7844
3395	7845
4518	7846
956	7847
9757	7848
8403	7849
3541	7850
2816	7851
864	7852
3218	7853
9710	7854
1506	7855
2518	7856
212	7857
6944	7858
9740	7859
3178	7860
6337	7861
4199	7862
146	7863
1830	7864
4243	7865
1427	7866
4723	7867
1438	7868
9325	7869
6959	7870
3022	7871
7120	7872
9690	7873
1317	7874
4218	7875
8047	7876
8077	7877
2283	7878
4916	7879
698	7880
464	7881
9391	7882
6504	7883
8429	7884
2812	7885
6531	7886
7644	7887
5185	7888
1780	7889
8723	7890
8115	7891
6478	7892
5867	7893
8527	7894
6181	7895
5684	7896
8427	7897
4720	7898
8762	7899
2354	7900
3014	7901
4405	7902
921	7903
1602	7904
228	7905
2587	7906
5348	7907
5461	7908
4340	7909
4049	7910
69	7911
968	7912
9023	7913
4478	7914
4891	7915
45	7916
7332	7917
2084	7918
5727	7919
5674	7920
6951	7921
6573	7922
6836	7923
5884	7924
7116	7925
2668	7926
9344	7927
3480	7928
7105	7929
7033	7930
5788	7931
269	7932
1698	7933
7663	7934
513	7935
2291	7936
8832	7937
7610	7938
9143	7939
2512	7940
6257	7941
430	7942
1556	7943
6958	7944
9075	7945
5702	7946
8677	7947
2108	7948
858	7949
6264	7950
8166	7951
8432	7952
1850	7953
1478	7954
5168	7955
5976	7956
6242	7957
1382	7958
6659	7959
8758	7960
1770	7961
7619	7962
5934	7963
4309	7964
4547	7965
2302	7966
9804	7967
7466	7968
4387	7969
3322	7970
3674	7971
3294	7972
7067	7973
7118	7974
6879	7975
1355	7976
1605	7977
7028	7978
9257	7979
6610	7980
6189	7981
5478	7982
5296	7983
4869	7984
7566	7985
803	7986
9327	7987
9376	7988
2254	7989
2814	7990
4298	7991
3565	7992
9149	7993
8409	7994
2407	7995
9566	7996
2621	7997
1890	7998
9831	7999
9026	8000
8607	8001
450	8002
1932	8003
512	8004
3343	8005
5992	8006
6262	8007
4762	8008
7284	8009
1152	8010
5633	8011
892	8012
8709	8013
4386	8014
2742	8015
8341	8016
4736	8017
880	8018
1124	8019
7675	8020
4371	8021
9622	8022
3274	8023
5898	8024
189	8025
6786	8026
1847	8027
9129	8028
8412	8029
5169	8030
7428	8031
8630	8032
8080	8033
6754	8034
1167	8035
4393	8036
8188	8037
9796	8038
6161	8039
5547	8040
1196	8041
6862	8042
3119	8043
31	8044
7463	8045
8186	8046
3455	8047
8969	8048
5647	8049
666	8050
9096	8051
3673	8052
6406	8053
4685	8054
8752	8055
1115	8056
5428	8057
258	8058
5265	8059
5088	8060
100	8061
6147	8062
5403	8063
1760	8064
935	8065
220	8066
6652	8067
1001	8068
6940	8069
2145	8070
8167	8071
2980	8072
6538	8073
7806	8074
885	8075
8520	8076
6898	8077
595	8078
589	8079
7456	8080
7524	8081
8118	8082
6112	8083
6635	8084
9169	8085
4817	8086
6130	8087
869	8088
3445	8089
8193	8090
3279	8091
9234	8092
6103	8093
9547	8094
7873	8095
1136	8096
1815	8097
4321	8098
7978	8099
8220	8100
2044	8101
4928	8102
3483	8103
3655	8104
7798	8105
4875	8106
383	8107
5552	8108
523	8109
8317	8110
7630	8111
6611	8112
1799	8113
6511	8114
6719	8115
517	8116
5601	8117
315	8118
5492	8119
8628	8120
9656	8121
1026	8122
2953	8123
6869	8124
3760	8125
6528	8126
5948	8127
8550	8128
2568	8129
7983	8130
3657	8131
1040	8132
1188	8133
6096	8134
8496	8135
3831	8136
6932	8137
1391	8138
4525	8139
5077	8140
4144	8141
3129	8142
2088	8143
1518	8144
1362	8145
8513	8146
3064	8147
5261	8148
7915	8149
9177	8150
6963	8151
1094	8152
4839	8153
5816	8154
3415	8155
6087	8156
5063	8157
1169	8158
9332	8159
4541	8160
2789	8161
2943	8162
264	8163
6671	8164
9017	8165
6512	8166
9118	8167
7711	8168
5537	8169
1296	8170
3646	8171
9058	8172
6888	8173
7578	8174
8620	8175
7430	8176
9617	8177
3804	8178
185	8179
8960	8180
4220	8181
7344	8182
3448	8183
3800	8184
3086	8185
5481	8186
582	8187
8180	8188
7225	8189
3248	8190
3357	8191
6890	8192
7286	8193
2375	8194
8999	8195
3063	8196
7778	8197
8089	8198
1048	8199
4490	8200
1360	8201
5375	8202
7063	8203
8923	8204
7128	8205
7974	8206
6483	8207
7586	8208
7633	8209
2564	8210
9417	8211
7509	8212
6321	8213
8111	8214
3375	8215
7719	8216
56	8217
3050	8218
2311	8219
5071	8220
1	8221
4385	8222
2639	8223
7233	8224
3956	8225
7126	8226
492	8227
9359	8228
1299	8229
3498	8230
926	8231
1376	8232
9317	8233
7130	8234
8337	8235
1375	8236
1939	8237
278	8238
5660	8239
2989	8240
531	8241
4067	8242
8460	8243
8497	8244
8952	8245
1165	8246
9094	8247
55	8248
4257	8249
9245	8250
7729	8251
4967	8252
9125	8253
6488	8254
2918	8255
4153	8256
8298	8257
1595	8258
3914	8259
7165	8260
1281	8261
7584	8262
550	8263
1388	8264
2690	8265
8000	8266
3950	8267
224	8268
8766	8269
2647	8270
6942	8271
8918	8272
8508	8273
6814	8274
7056	8275
3639	8276
9651	8277
2655	8278
7492	8279
2556	8280
6362	8281
5613	8282
2366	8283
5136	8284
1691	8285
69	8286
5444	8287
9789	8288
8571	8289
204	8290
3665	8291
9175	8292
117	8293
5708	8294
4251	8295
8195	8296
7552	8297
6377	8298
8214	8299
8939	8300
709	8301
2265	8302
2030	8303
7299	8304
2890	8305
7297	8306
7296	8307
6828	8308
6152	8309
7791	8310
2114	8311
1622	8312
9528	8313
2542	8314
8345	8315
4159	8316
5299	8317
6692	8318
8281	8319
5579	8320
1224	8321
8921	8322
732	8323
9172	8324
4801	8325
607	8326
39	8327
65	8328
916	8329
3330	8330
9022	8331
8636	8332
6571	8333
3702	8334
6011	8335
6428	8336
5252	8337
9680	8338
8848	8339
3713	8340
4769	8341
5690	8342
3346	8343
5532	8344
5559	8345
2858	8346
6195	8347
5526	8348
9222	8349
1197	8350
5732	8351
2041	8352
4232	8353
5810	8354
2098	8355
5127	8356
7132	8357
4738	8358
6552	8359
9631	8360
571	8361
1846	8362
3680	8363
5799	8364
4154	8365
2251	8366
4775	8367
3651	8368
1839	8369
7889	8370
6861	8371
8046	8372
3058	8373
2457	8374
8288	8375
2238	8376
1705	8377
2612	8378
3986	8379
1384	8380
2513	8381
7596	8382
472	8383
996	8384
3855	8385
3619	8386
3090	8387
83	8388
5064	8389
4658	8390
8343	8391
4700	8392
6586	8393
8749	8394
3196	8395
3489	8396
5087	8397
8350	8398
2936	8399
7258	8400
1245	8401
7635	8402
2721	8403
9770	8404
8059	8405
4237	8406
4593	8407
2429	8408
4242	8409
6948	8410
3759	8411
8399	8412
6582	8413
1654	8414
6672	8415
4155	8416
2178	8417
182	8418
647	8419
2352	8420
2137	8421
1270	8422
8948	8423
5518	8424
7756	8425
6231	8426
1575	8427
7382	8428
8934	8429
8476	8430
1440	8431
3916	8432
2329	8433
157	8434
9802	8435
3616	8436
3291	8437
5712	8438
2462	8439
8554	8440
6840	8441
1151	8442
32	8443
1641	8444
9465	8445
2755	8446
5014	8447
1097	8448
2955	8449
3915	8450
5802	8451
5631	8452
7694	8453
1057	8454
7664	8455
221	8456
5393	8457
2333	8458
3029	8459
7749	8460
5034	8461
7201	8462
5032	8463
2312	8464
7795	8465
320	8466
308	8467
8296	8468
2962	8469
7325	8470
2339	8471
5150	8472
8390	8473
8144	8474
4198	8475
8700	8476
3490	8477
91	8478
1286	8479
2043	8480
2860	8481
5974	8482
2358	8483
6564	8484
7543	8485
5423	8486
1091	8487
9040	8488
7632	8489
2106	8490
9428	8491
4688	8492
6459	8493
8041	8494
3699	8495
9732	8496
7845	8497
102	8498
7589	8499
6587	8500
1598	8501
4422	8502
3535	8503
6660	8504
4374	8505
3368	8506
5883	8507
9196	8508
7848	8509
2056	8510
9057	8511
644	8512
2308	8513
5007	8514
1497	8515
6061	8516
4697	8517
4907	8518
5593	8519
9456	8520
8661	8521
6178	8522
4626	8523
4620	8524
9297	8525
6559	8526
9517	8527
8725	8528
6732	8529
7831	8530
6143	8531
4532	8532
1882	8533
1791	8534
158	8535
3326	8536
4587	8537
7431	8538
7435	8539
3401	8540
872	8541
8765	8542
1952	8543
3962	8544
9610	8545
2082	8546
4970	8547
6699	8548
2533	8549
9266	8550
3005	8551
9123	8552
5877	8553
784	8554
2851	8555
779	8556
2025	8557
7072	8558
4484	8559
970	8560
6126	8561
4590	8562
1929	8563
9210	8564
3698	8565
9527	8566
6071	8567
5711	8568
654	8569
7035	8570
878	8571
9383	8572
170	8573
3190	8574
1063	8575
7672	8576
6001	8577
1081	8578
4149	8579
8426	8580
5487	8581
1928	8582
7238	8583
8876	8584
90	8585
6223	8586
8706	8587
2405	8588
2372	8589
509	8590
4903	8591
9300	8592
6391	8593
6056	8594
9105	8595
7282	8596
7614	8597
4313	8598
7409	8599
8387	8600
5567	8601
7432	8602
2105	8603
6979	8604
1024	8605
8024	8606
5272	8607
1856	8608
9438	8609
1554	8610
1984	8611
2803	8612
6986	8613
4063	8614
5468	8615
3536	8616
7954	8617
5380	8618
3662	8619
530	8620
5209	8621
1785	8622
8565	8623
5541	8624
6871	8625
2505	8626
9637	8627
1883	8628
3557	8629
1178	8630
9343	8631
5490	8632
1583	8633
7137	8634
1963	8635
6304	8636
7796	8637
7534	8638
9801	8639
4974	8640
915	8641
8443	8642
667	8643
2317	8644
849	8645
4056	8646
4680	8647
2594	8648
1926	8649
6826	8650
6165	8651
7788	8652
8489	8653
2100	8654
1019	8655
3048	8656
8727	8657
4171	8658
2485	8659
7747	8660
8113	8661
7204	8662
3555	8663
5161	8664
3207	8665
7572	8666
4076	8667
267	8668
918	8669
8955	8670
8882	8671
9033	8672
2619	8673
6473	8674
1757	8675
2957	8676
3081	8677
4080	8678
5369	8679
9713	8680
8523	8681
3399	8682
6807	8683
6742	8684
24	8685
1613	8686
8422	8687
412	8688
1841	8689
8405	8690
5388	8691
3197	8692
2720	8693
7538	8694
723	8695
2439	8696
9829	8697
5196	8698
4945	8699
8266	8700
9367	8701
510	8702
4062	8703
786	8704
8624	8705
3867	8706
115	8707
5249	8708
416	8709
824	8710
3686	8711
6393	8712
3663	8713
2818	8714
2428	8715
5314	8716
6454	8717
4283	8718
7962	8719
7913	8720
8516	8721
1212	8722
2033	8723
7618	8724
6067	8725
6208	8726
6687	8727
9664	8728
7407	8729
3994	8730
3257	8731
7017	8732
4782	8733
7824	8734
6048	8735
8805	8736
5673	8737
7782	8738
456	8739
631	8740
8177	8741
9729	8742
8162	8743
1596	8744
4552	8745
7930	8746
7464	8747
721	8748
4193	8749
4203	8750
8043	8751
2458	8752
6253	8753
7838	8754
5184	8755
3579	8756
4214	8757
468	8758
9646	8759
4377	8760
6368	8761
9800	8762
4776	8763
1798	8764
5051	8765
4059	8766
6192	8767
3125	8768
5171	8769
6168	8770
8003	8771
4061	8772
9712	8773
5643	8774
4553	8775
2090	8776
3286	8777
4041	8778
9039	8779
3369	8780
5701	8781
9650	8782
3214	8783
9076	8784
455	8785
4571	8786
6268	8787
4017	8788
5400	8789
9034	8790
7667	8791
2362	8792
1417	8793
7958	8794
7236	8795
7434	8796
8323	8797
2573	8798
4934	8799
2011	8800
6752	8801
7875	8802
5131	8803
4730	8804
3057	8805
1838	8806
1058	8807
4615	8808
4488	8809
1325	8810
8122	8811
4166	8812
1125	8813
5595	8814
8257	8815
2099	8816
794	8817
612	8818
2829	8819
5181	8820
5707	8821
1657	8822
5851	8823
8897	8824
8419	8825
5901	8826
8183	8827
17	8828
4035	8829
7556	8830
2929	8831
8878	8832
1681	8833
4201	8834
6678	8835
7008	8836
9279	8837
8433	8838
91	8839
94	8840
3256	8841
1634	8842
6271	8843
5177	8844
3740	8845
3519	8846
3272	8847
7062	8848
7396	8849
7651	8850
7876	8851
282	8852
1600	8853
3316	8854
4641	8855
1121	8856
7400	8857
5545	8858
6618	8859
5779	8860
5443	8861
4572	8862
7168	8863
3108	8864
3460	8865
8495	8866
8922	8867
7654	8868
4401	8869
7737	8870
8797	8871
8869	8872
7946	8873
1570	8874
5854	8875
2271	8876
3463	8877
9477	8878
6579	8879
9654	8880
7604	8881
9614	8882
2297	8883
7369	8884
6403	8885
8236	8886
6953	8887
285	8888
6614	8889
1750	8890
2024	8891
4713	8892
7467	8893
1683	8894
2896	8895
2854	8896
8121	8897
7593	8898
744	8899
6713	8900
6854	8901
5114	8902
3553	8903
3672	8904
3044	8905
5069	8906
9679	8907
3980	8908
2700	8909
1333	8910
1866	8911
6438	8912
7489	8913
5655	8914
7691	8915
1666	8916
3790	8917
5435	8918
5879	8919
8273	8920
5222	8921
4389	8922
7622	8923
105	8924
3459	8925
2608	8926
3340	8927
1615	8928
8904	8929
8679	8930
544	8931
1549	8932
1988	8933
5758	8934
7357	8935
8581	8936
7973	8937
5277	8938
2306	8939
1425	8940
3863	8941
437	8942
8720	8943
4392	8944
4857	8945
6997	8946
7952	8947
9592	8948
6560	8949
562	8950
9531	8951
6664	8952
8530	8953
9119	8954
8321	8955
7713	8956
1855	8957
1488	8958
8525	8959
4618	8960
2382	8961
3529	8962
8671	8963
6009	8964
1158	8965
680	8966
305	8967
5146	8968
2976	8969
2958	8970
6341	8971
4177	8972
2340	8973
3654	8974
4066	8975
2889	8976
8794	8977
5105	8978
9191	8979
6976	8980
280	8981
4463	8982
2215	8983
3803	8984
3561	8985
9820	8986
6749	8987
4826	8988
6465	8989
6470	8990
6675	8991
3428	8992
5274	8993
8246	8994
364	8995
3828	8996
3126	8997
9	8998
8702	8999
3007	9000
3062	9001
1087	9002
3874	9003
1309	9004
795	9005
8579	9006
1574	9007
8197	9008
9397	9009
3964	9010
5831	9011
6947	9012
5000	9013
2278	9014
7696	9015
462	9016
2192	9017
6929	9018
2979	9019
2540	9020
6330	9021
7311	9022
6813	9023
5307	9024
6166	9025
5713	9026
3500	9027
8941	9028
3940	9029
1	9030
1643	9031
775	9032
4502	9033
8360	9034
6931	9035
932	9036
9549	9037
4287	9038
3213	9039
2244	9040
596	9041
3871	9042
6519	9043
3301	9044
3049	9045
9320	9046
1203	9047
2664	9048
4255	9049
1884	9050
2905	9051
707	9052
2650	9053
8591	9054
9507	9055
653	9056
7222	9057
875	9058
3065	9059
6230	9060
5382	9061
8083	9062
931	9063
8139	9064
8270	9065
3359	9066
4645	9067
6644	9068
3577	9069
2225	9070
5084	9071
6404	9072
7444	9073
9065	9074
5744	9075
6481	9076
4147	9077
7352	9078
4589	9079
4983	9080
9137	9081
8614	9082
9412	9083
4244	9084
4423	9085
2605	9086
35	9087
3426	9088
8208	9089
331	9090
9007	9091
8575	9092
4893	9093
1489	9094
1370	9095
9487	9096
5451	9097
5193	9098
106	9099
9251	9100
2237	9101
4000	9102
3454	9103
909	9104
4841	9105
4897	9106
5967	9107
6442	9108
5687	9109
2	9110
9780	9111
6800	9112
9303	9113
3758	9114
4669	9115
4226	9116
5909	9117
8339	9118
8639	9119
4657	9120
129	9121
4103	9122
8555	9123
4977	9124
8563	9125
5460	9126
6776	9127
2050	9128
5178	9129
4457	9130
5985	9131
7647	9132
2370	9133
5232	9134
1149	9135
3617	9136
2583	9137
9581	9138
6479	9139
4228	9140
2181	9141
9029	9142
658	9143
3907	9144
3367	9145
5365	9146
2469	9147
6451	9148
978	9149
776	9150
6427	9151
1052	9152
7813	9153
8154	9154
9354	9155
8899	9156
214	9157
3942	9158
6602	9159
6978	9160
8377	9161
6514	9162
1767	9163
801	9164
2783	9165
8109	9166
200	9167
2068	9168
3433	9169
920	9170
5335	9171
3822	9172
3521	9173
9126	9174
9230	9175
1878	9176
3685	9177
3624	9178
3121	9179
8777	9180
6627	9181
5311	9182
6872	9183
7139	9184
5183	9185
110	9186
1433	9187
4649	9188
8800	9189
7721	9190
1538	9191
3055	9192
3117	9193
9535	9194
4581	9195
8761	9196
3556	9197
1012	9198
1368	9199
2569	9200
1521	9201
3018	9202
4686	9203
7820	9204
8086	9205
3566	9206
778	9207
7587	9208
1401	9209
8885	9210
3885	9211
6868	9212
5859	9213
6515	9214
2377	9215
3268	9216
174	9217
8729	9218
3151	9219
7968	9220
7191	9221
3697	9222
5523	9223
7507	9224
5678	9225
5013	9226
2242	9227
6972	9228
4583	9229
5572	9230
9815	9231
8	9232
1675	9233
967	9234
5329	9235
1586	9236
260	9237
6505	9238
9213	9239
5194	9240
2115	9241
2175	9242
4352	9243
4832	9244
6513	9245
5548	9246
3992	9247
63	9248
6457	9249
1482	9250
1190	9251
9350	9252
8698	9253
537	9254
2064	9255
7388	9256
5686	9257
3875	9258
9183	9259
52	9260
5401	9261
4168	9262
9170	9263
8297	9264
7771	9265
2435	9266
4507	9267
3880	9268
950	9269
2399	9270
1507	9271
8262	9272
7836	9273
353	9274
8780	9275
8290	9276
6243	9277
6906	9278
9506	9279
6365	9280
9474	9281
1335	9282
4746	9283
750	9284
2891	9285
7637	9286
9241	9287
8155	9288
3235	9289
1759	9290
7592	9291
6773	9292
3305	9293
2224	9294
7049	9295
6349	9296
8569	9297
3656	9298
1072	9299
7454	9300
9358	9301
6308	9302
586	9303
8933	9304
4101	9305
8546	9306
6606	9307
2275	9308
3644	9309
6968	9310
2284	9311
1439	9312
2610	9313
7183	9314
7180	9315
8598	9316
9351	9317
9389	9318
5484	9319
6883	9320
1950	9321
4562	9322
4654	9323
424	9324
4456	9325
9267	9326
9042	9327
1960	9328
1313	9329
6200	9330
3394	9331
350	9332
4267	9333
6236	9334
8044	9335
8079	9336
7662	9337
809	9338
2102	9339
2836	9340
9768	9341
5598	9342
9246	9343
4771	9344
5639	9345
2645	9346
483	9347
7136	9348
3276	9349
372	9350
6346	9351
6541	9352
7082	9353
7011	9354
17	9355
6153	9356
974	9357
6005	9358
9557	9359
4118	9360
4454	9361
6149	9362
579	9363
9751	9364
7458	9365
2198	9366
2080	9367
6876	9368
7828	9369
4252	9370
4821	9371
6641	9372
1504	9373
3015	9374
9500	9375
7774	9376
7775	9377
7143	9378
6679	9379
9419	9380
2607	9381
1800	9382
6024	9383
8834	9384
1872	9385
8060	9386
5189	9387
5576	9388
2931	9389
1161	9390
4721	9391
4959	9392
4772	9393
9211	9394
1747	9395
1095	9396
5752	9397
2142	9398
5685	9399
2726	9400
2994	9401
9577	9402
8893	9403
4278	9404
9792	9405
4731	9406
1527	9407
86	9408
6774	9409
28	9410
2037	9411
2752	9412
5226	9413
3999	9414
2748	9415
1222	9416
3675	9417
4128	9418
2122	9419
4459	9420
4331	9421
4711	9422
8895	9423
6715	9424
1408	9425
2269	9426
5295	9427
9236	9428
3308	9429
994	9430
1000	9431
3836	9432
7447	9433
862	9434
5472	9435
5086	9436
3765	9437
9212	9438
4747	9439
6394	9440
5833	9441
9261	9442
1150	9443
3815	9444
7922	9445
6738	9446
3231	9447
2263	9448
3939	9449
6799	9450
5154	9451
157	9452
3333	9453
7892	9454
4139	9455
3731	9456
6038	9457
2509	9458
9739	9459
3738	9460
5577	9461
6759	9462
2862	9463
5130	9464
8667	9465
4361	9466
2055	9467
7648	9468
6770	9469
2349	9470
4603	9471
9515	9472
8094	9473
2691	9474
1088	9475
6646	9476
3032	9477
4569	9478
9644	9479
7085	9480
5424	9481
6055	9482
9313	9483
6358	9484
1407	9485
485	9486
4018	9487
7045	9488
844	9489
2292	9490
5218	9491
8099	9492
8365	9493
8822	9494
5367	9495
816	9496
1444	9497
8263	9498
3534	9499
3450	9500
143	9501
5638	9502
6766	9503
8271	9504
8843	9505
6919	9506
8738	9507
2908	9508
6074	9509
8880	9510
3372	9511
2361	9512
7661	9513
2517	9514
8673	9515
8181	9516
9574	9517
380	9518
8886	9519
1230	9520
2091	9521
5565	9522
6413	9523
4107	9524
5975	9525
296	9526
5006	9527
7423	9528
2779	9529
6051	9530
9145	9531
7981	9532
2906	9533
2992	9534
7939	9535
3035	9536
8074	9537
8310	9538
9726	9539
1253	9540
4053	9541
5755	9542
2883	9543
1261	9544
8986	9545
9219	9546
1531	9547
5469	9548
5893	9549
896	9550
9536	9551
7951	9552
66	9553
3020	9554
790	9555
145	9556
7080	9557
8964	9558
7438	9559
132	9560
2199	9561
2386	9562
6607	9563
9609	9564
9305	9565
8170	9566
1718	9567
6669	9568
9501	9569
2815	9570
9720	9571
7521	9572
2426	9573
9427	9574
3264	9575
4561	9576
2795	9577
4072	9578
3837	9579
6650	9580
6286	9581
2515	9582
2553	9583
5123	9584
3931	9585
8649	9586
1893	9587
1031	9588
802	9589
7763	9590
7471	9591
2124	9592
1592	9593
2266	9594
2631	9595
4336	9596
4402	9597
5129	9598
3622	9599
8286	9600
2461	9601
1237	9602
3317	9603
238	9604
899	9605
355	9606
3188	9607
5522	9608
7947	9609
4600	9610
5464	9611
4588	9612
7189	9613
5720	9614
6864	9615
3314	9616
7482	9617
9323	9618
9478	9619
4683	9620
9374	9621
1923	9622
805	9623
1648	9624
5023	9625
34	9626
1176	9627
2934	9628
7582	9629
2620	9630
5704	9631
2434	9632
9803	9633
166	9634
31	9635
9153	9636
1786	9637
7356	9638
2986	9639
9336	9640
5513	9641
9360	9642
9542	9643
5740	9644
2658	9645
7613	9646
4366	9647
2126	9648
3906	9649
2853	9650
254	9651
4564	9652
5841	9653
3	9654
1987	9655
7871	9656
1970	9657
1894	9658
4087	9659
8136	9660
7133	9661
7433	9662
6555	9663
208	9664
5170	9665
49	9666
6171	9667
8105	9668
1821	9669
3630	9670
4235	9671
3066	9672
1849	9673
9299	9674
4563	9675
263	9676
7414	9677
2499	9678
1159	9679
3385	9680
8828	9681
8305	9682
3267	9683
6467	9684
3762	9685
6833	9686
8147	9687
1679	9688
7339	9689
799	9690
6144	9691
9774	9692
848	9693
8287	9694
6108	9695
7013	9696
5987	9697
4206	9698
876	9699
6319	9700
5235	9701
46	9702
4708	9703
593	9704
8431	9705
4184	9706
3163	9707
1321	9708
5765	9709
6782	9710
6892	9711
9237	9712
7093	9713
3581	9714
2189	9715
7317	9716
5872	9717
528	9718
3829	9719
2410	9720
8223	9721
4509	9722
9128	9723
5597	9724
4305	9725
7347	9726
496	9727
2672	9728
5913	9729
8355	9730
9753	9731
1503	9732
8411	9733
2600	9734
5163	9735
9773	9736
1523	9737
2226	9738
9525	9739
6289	9740
8097	9741
9071	9742
4345	9743
1862	9744
8322	9745
1825	9746
7426	9747
294	9748
8942	9749
7415	9750
1469	9751
7690	9752
7275	9753
768	9754
2101	9755
5661	9756
3865	9757
5228	9758
6724	9759
1386	9760
747	9761
7445	9762
5654	9763
4407	9764
1484	9765
1254	9766
1764	9767
4914	9768
6901	9769
2537	9770
5292	9771
2844	9772
8210	9773
4498	9774
3290	9775
5794	9776
6965	9777
22	9778
9442	9779
6452	9780
4170	9781
6730	9782
3478	9783
7079	9784
8224	9785
5573	9786
5782	9787
5669	9788
5659	9789
9512	9790
507	9791
2753	9792
6285	9793
8391	9794
9681	9795
5753	9796
6164	9797
9130	9798
8187	9799
7529	9800
1461	9801
5399	9802
9701	9803
7995	9804
1263	9805
6234	9806
2364	9807
3362	9808
6897	9809
6277	9810
2253	9811
2585	9812
8855	9813
3185	9814
3493	9815
8813	9816
2194	9817
4702	9818
4335	9819
1789	9820
1887	9821
4015	9822
7142	9823
5965	9824
4359	9825
6127	9826
6018	9827
29	9828
3531	9829
6040	9830
7070	9831
8228	9832
9102	9833
7717	9834
7573	9835
3376	9836
7491	9837
5777	9838
5933	9839
5930	9840
3045	9841
3821	9842
2593	9843
1228	9844
8930	9845
2350	9846
9377	9847
6412	9848
5334	9849
9218	9850
2193	9851
8849	9852
2070	9853
9133	9854
126	9855
8259	9856
5115	9857
6050	9858
5201	9859
6975	9860
14	9861
3780	9862
7039	9863
5159	9864
7216	9865
4121	9866
7624	9867
614	9868
1271	9869
8994	9870
5251	9871
79	9872
4566	9873
8023	9874
8436	9875
5027	9876
7901	9877
4280	9878
9704	9879
8152	9880
8613	9881
4370	9882
4474	9883
7692	9884
5223	9885
8694	9886
729	9887
7822	9888
2076	9889
3036	9890
5926	9891
2857	9892
9488	9893
299	9894
9769	9895
7840	9896
4110	9897
7202	9898
1651	9899
1904	9900
2315	9901
6516	9902
4554	9903
9152	9904
9154	9905
4996	9906
2154	9907
329	9908
1543	9909
1205	9910
5128	9911
3150	9912
306	9913
9828	9914
7790	9915
6673	9916
274	9917
8985	9918
8954	9919
1267	9920
9021	9921
1725	9922
7314	9923
7505	9924
7657	9925
1232	9926
5792	9927
6215	9928
2567	9929
2527	9930
5524	9931
1372	9932
9400	9933
5499	9934
5568	9935
235	9936
1897	9937
199	9938
6783	9939
106	9940
9031	9941
469	9942
4448	9943
2729	9944
3819	9945
3582	9946
3853	9947
7164	9948
4020	9949
6734	9950
6323	9951
2367	9952
7517	9953
94	9954
5693	9955
68	9956
3963	9957
7155	9958
9014	9959
4083	9960
1229	9961
7181	9962
3736	9963
6105	9964
1069	9965
9776	9966
1459	9967
6233	9968
5266	9969
62	9970
6964	9971
7787	9972
6534	9973
6155	9974
1811	9975
8385	9976
6222	9977
2798	9978
5392	9979
6845	9980
7095	9981
7047	9982
1227	9983
3288	9984
1262	9985
6634	9986
8983	9987
1357	9988
2360	9989
5818	9990
6717	9991
6102	9992
4630	9993
6462	9994
6896	9995
115	9996
7068	9997
4290	9998
7333	9999
2839	10000
