8903	1
295	2
3840	3
1995	4
1179	5
2582	6
9552	7
265	8
3294	9
4449	10
9365	11
7155	12
5808	13
3832	14
7760	15
5211	16
8754	17
2318	18
8338	19
231	20
6353	21
3105	22
675	23
5098	24
8483	25
6528	26
3876	27
221	28
3097	29
8864	30
1058	31
2322	32
4000	33
3361	34
430	35
6425	36
5610	37
7645	38
9525	39
5007	40
149	41
334	42
5871	43
7163	44
63	45
2520	46
2075	47
387	48
2042	49
5027	50
3954	51
8098	52
4265	53
8038	54
8590	55
9505	56
9255	57
6916	58
7323	59
7677	60
8825	61
4550	62
1231	63
435	64
7294	65
6400	66
494	67
9287	68
3636	69
7443	70
5048	71
7957	72
5028	73
2968	74
4402	75
2629	76
3319	77
8732	78
4293	79
5807	80
2644	81
6370	82
3731	83
153	84
3519	85
2752	86
7960	87
3950	88
7514	89
374	90
5860	91
409	92
3525	93
9252	94
5823	95
8490	96
4092	97
8387	98
3044	99
3061	100
4958	101
6125	102
1873	103
5113	104
7488	105
121	106
3696	107
3198	108
6187	109
3614	110
6818	111
444	112
9073	113
1952	114
6432	115
3606	116
6215	117
5681	118
7401	119
339	120
1655	121
1005	122
8023	123
7948	124
6847	125
159	126
3466	127
206	128
3467	129
1852	130
5131	131
6384	132
7352	133
5238	134
3337	135
5727	136
8986	137
3935	138
2899	139
4450	140
1874	141
772	142
1366	143
9184	144
5763	145
1745	146
302	147
6043	148
4608	149
3907	150
3576	151
1061	152
2820	153
6473	154
5068	155
947	156
9545	157
169	158
7390	159
4013	160
5360	161
5652	162
8166	163
362	164
7903	165
4907	166
2139	167
4378	168
5984	169
7911	170
5712	171
8538	172
7876	173
35	174
3720	175
3072	176
6451	177
109	178
8573	179
291	180
1765	181
6787	182
3640	183
129	184
2193	185
6552	186
4047	187
256	188
4591	189
6873	190
2691	191
4078	192
6723	193
1702	194
9514	195
2918	196
3458	197
2442	198
2316	199
6623	200
2597	201
943	202
8974	203
7065	204
7779	205
5146	206
7404	207
3669	208
1816	209
916	210
9166	211
245	212
6380	213
1703	214
7703	215
5213	216
666	217
2205	218
113	219
2012	220
2228	221
911	222
9007	223
3103	224
5326	225
3007	226
8616	227
6611	228
1353	229
6176	230
1930	231
3032	232
5478	233
392	234
9019	235
5050	236
4518	237
6731	238
4170	239
4489	240
208	241
7312	242
800	243
9398	244
29	245
7077	246
5139	247
4549	248
2046	249
3846	250
2311	251
1966	252
2993	253
8471	254
8515	255
3408	256
754	257
3194	258
2939	259
1473	260
1647	261
6001	262
882	263
7918	264
9046	265
3956	266
2804	267
2473	268
7501	269
4827	270
8797	271
1100	272
51	273
4299	274
2978	275
168	276
5936	277
9237	278
4154	279
1096	280
2684	281
4860	282
8330	283
9185	284
4844	285
5765	286
4519	287
1777	288
9400	289
5415	290
3615	291
7296	292
183	293
1923	294
264	295
74	296
5659	297
2544	298
1877	299
4670	300
2330	301
3216	302
1992	303
3844	304
2547	305
5556	306
8274	307
3502	308
1120	309
323	310
8703	311
6542	312
1669	313
4765	314
2735	315
3648	316
4894	317
9468	318
8476	319
836	320
6402	321
4264	322
5913	323
8193	324
325	325
7603	326
3997	327
3703	328
3316	329
1221	330
2362	331
8973	332
1410	333
8214	334
6161	335
205	336
7059	337
1686	338
9037	339
157	340
4059	341
1570	342
7525	343
6544	344
4622	345
9504	346
3215	347
1652	348
352	349
8823	350
3860	351
4458	352
3781	353
4538	354
26	355
1401	356
939	357
2808	358
6509	359
7530	360
8381	361
8152	362
144	363
6284	364
3225	365
398	366
7910	367
7763	368
8418	369
1484	370
5605	371
7357	372
355	373
5545	374
6885	375
1041	376
8761	377
1733	378
4165	379
3716	380
4631	381
9387	382
6584	383
5219	384
8469	385
8760	386
8597	387
8648	388
5223	389
5324	390
3961	391
5053	392
5833	393
7597	394
8700	395
3211	396
4459	397
3454	398
5970	399
4908	400
7719	401
305	402
1225	403
7810	404
1288	405
8010	406
1460	407
5497	408
9354	409
5736	410
5900	411
8404	412
5151	413
8526	414
514	415
3178	416
6781	417
4537	418
4771	419
5753	420
6096	421
8953	422
9431	423
8101	424
86	425
5617	426
287	427
189	428
3267	429
369	430
6077	431
5973	432
9484	433
1333	434
8971	435
2212	436
5298	437
9509	438
3074	439
6978	440
2427	441
4143	442
3549	443
6851	444
5041	445
144	446
1022	447
2129	448
3027	449
1219	450
7329	451
4031	452
942	453
4226	454
9350	455
3026	456
8543	457
3174	458
3087	459
232	460
7150	461
7956	462
4831	463
6359	464
950	465
1814	466
4186	467
3810	468
587	469
8179	470
397	471
8436	472
7245	473
2348	474
6935	475
3022	476
2407	477
2646	478
9412	479
4862	480
1838	481
816	482
2178	483
5894	484
6454	485
9057	486
5931	487
9014	488
4646	489
397	490
8237	491
5446	492
8281	493
9356	494
1549	495
2300	496
5914	497
1897	498
9526	499
4597	500
3628	501
1546	502
3367	503
3048	504
6025	505
4248	506
6198	507
3289	508
6645	509
1644	510
1805	511
2378	512
138	513
365	514
7086	515
2359	516
4616	517
1715	518
4357	519
1617	520
537	521
8929	522
1994	523
6158	524
4416	525
2946	526
1235	527
470	528
7012	529
338	530
8320	531
9208	532
9230	533
5650	534
185	535
6118	536
9072	537
2096	538
8747	539
801	540
4208	541
1367	542
191	543
4344	544
5484	545
4612	546
3813	547
7490	548
8046	549
8859	550
8720	551
2325	552
1872	553
3529	554
5260	555
8450	556
5626	557
5822	558
8575	559
4710	560
3152	561
8012	562
3	563
6823	564
7160	565
7692	566
1078	567
2724	568
24	569
784	570
6271	571
106	572
6513	573
6595	574
4782	575
2007	576
4279	577
6582	578
294	579
3673	580
7805	581
2347	582
4841	583
2523	584
806	585
5176	586
3902	587
5033	588
8182	589
4849	590
5086	591
8355	592
7672	593
3901	594
630	595
5786	596
993	597
2689	598
5983	599
3182	600
5738	601
791	602
6009	603
3575	604
3264	605
1636	606
7319	607
3800	608
5016	609
5745	610
6279	611
6891	612
276	613
3419	614
6816	615
8034	616
2740	617
4126	618
4350	619
7690	620
1240	621
8102	622
7819	623
9426	624
8209	625
5749	626
785	627
6492	628
1361	629
3221	630
1191	631
5923	632
1340	633
7574	634
3053	635
6725	636
136	637
6839	638
108	639
5026	640
5263	641
166	642
4029	643
5616	644
4980	645
3882	646
5884	647
6183	648
5837	649
782	650
6156	651
8580	652
9224	653
3244	654
3210	655
7070	656
3726	657
66	658
7701	659
6437	660
8509	661
8769	662
36	663
7199	664
4272	665
1354	666
1978	667
5544	668
2	669
9152	670
1741	671
308	672
2636	673
4486	674
935	675
6329	676
6003	677
5119	678
999	679
6589	680
6113	681
2051	682
4106	683
4198	684
8157	685
5362	686
5634	687
4333	688
9209	689
6732	690
9332	691
749	692
3819	693
1867	694
5661	695
388	696
6140	697
4195	698
268	699
6360	700
5952	701
3986	702
2935	703
6917	704
8449	705
4718	706
9263	707
7495	708
3741	709
8876	710
5212	711
3755	712
2921	713
2619	714
14	715
9243	716
7533	717
6813	718
8082	719
6574	720
667	721
3561	722
5715	723
1691	724
3290	725
1871	726
6918	727
4846	728
2638	729
9111	730
2314	731
5214	732
5308	733
7967	734
2693	735
5157	736
4644	737
7812	738
747	739
3948	740
9076	741
1109	742
7521	743
3262	744
1660	745
6609	746
9456	747
3533	748
1009	749
988	750
5903	751
2040	752
5969	753
3739	754
124	755
5560	756
661	757
1770	758
909	759
8897	760
5684	761
8360	762
5209	763
6038	764
9097	765
6408	766
6261	767
6386	768
3197	769
6095	770
8554	771
6533	772
4408	773
7067	774
8257	775
4460	776
6802	777
9283	778
7743	779
9062	780
5975	781
1689	782
3543	783
257	784
4485	785
2761	786
9489	787
8294	788
2076	789
5083	790
3411	791
7637	792
8027	793
1542	794
744	795
1616	796
3359	797
3260	798
1786	799
4555	800
7615	801
2680	802
498	803
4268	804
1268	805
5386	806
6037	807
6424	808
8497	809
9333	810
9001	811
9374	812
2791	813
7936	814
4542	815
6720	816
9123	817
3436	818
4096	819
1394	820
3677	821
4189	822
4304	823
1583	824
7235	825
5963	826
1509	827
9348	828
4383	829
6298	830
8915	831
710	832
6162	833
1495	834
1039	835
282	836
5220	837
696	838
4452	839
6428	840
1320	841
30	842
8405	843
5057	844
3200	845
6230	846
7879	847
1863	848
3068	849
1612	850
5821	851
4896	852
3802	853
2627	854
2135	855
5789	856
6579	857
7387	858
4224	859
4222	860
741	861
4959	862
2340	863
611	864
1554	865
1359	866
5976	867
5351	868
3749	869
5961	870
3878	871
7314	872
5408	873
5752	874
7426	875
7467	876
3465	877
6684	878
61	879
8473	880
1217	881
3306	882
2342	883
4785	884
4820	885
9088	886
16	887
3364	888
6618	889
1502	890
5375	891
5353	892
9080	893
6911	894
599	895
8286	896
6991	897
1154	898
1984	899
454	900
3045	901
5143	902
8883	903
2877	904
1729	905
7625	906
4218	907
251	908
1815	909
1719	910
8434	911
1273	912
517	913
3292	914
987	915
3978	916
2570	917
3064	918
6311	919
4855	920
8532	921
662	922
2578	923
6580	924
2161	925
9133	926
1407	927
1369	928
2696	929
5718	930
2969	931
7169	932
5196	933
5537	934
2475	935
7904	936
7421	937
678	938
3579	939
4343	940
7164	941
9115	942
6485	943
8305	944
8342	945
974	946
850	947
4490	948
7408	949
2697	950
1811	951
7207	952
5012	953
2655	954
8446	955
9384	956
5347	957
8065	958
5011	959
2863	960
7534	961
294	962
8350	963
4996	964
8386	965
3352	966
5166	967
2673	968
6132	969
3623	970
2776	971
2516	972
3509	973
5018	974
9108	975
6409	976
1790	977
8961	978
1747	979
7642	980
6663	981
3708	982
6107	983
1232	984
4290	985
6238	986
255	987
7543	988
3356	989
9355	990
4543	991
2940	992
2532	993
9394	994
8036	995
4921	996
901	997
1065	998
8964	999
2530	1000
4870	1001
1037	1002
8701	1003
4006	1004
757	1005
6985	1006
4207	1007
5398	1008
5293	1009
2490	1010
8410	1011
1424	1012
6114	1013
316	1014
297	1015
8021	1016
5585	1017
771	1018
1167	1019
6227	1020
3099	1021
18	1022
4073	1023
6898	1024
2151	1025
9038	1026
6678	1027
8354	1028
2208	1029
3982	1030
266	1031
8362	1032
9360	1033
1400	1034
28	1035
4197	1036
2187	1037
3445	1038
8349	1039
405	1040
114	1041
1248	1042
7802	1043
1713	1044
8348	1045
8019	1046
4173	1047
2345	1048
2787	1049
7096	1050
9059	1051
1365	1052
3888	1053
3946	1054
3496	1055
3713	1056
4501	1057
2336	1058
6577	1059
2605	1060
6005	1061
5639	1062
8341	1063
669	1064
6884	1065
3226	1066
76	1067
4412	1068
3537	1069
8954	1070
5235	1071
8831	1072
6944	1073
7839	1074
3988	1075
7828	1076
9116	1077
1590	1078
8201	1079
358	1080
7725	1081
4454	1082
3894	1083
2525	1084
7859	1085
2796	1086
193	1087
1958	1088
727	1089
9254	1090
3205	1091
3345	1092
979	1093
8850	1094
2599	1095
2192	1096
5439	1097
968	1098
7362	1099
6798	1100
5034	1101
8006	1102
7991	1103
7635	1104
3958	1105
8314	1106
5919	1107
7152	1108
7381	1109
3055	1110
235	1111
1239	1112
120	1113
8814	1114
3028	1115
7958	1116
6571	1117
4288	1118
3873	1119
9517	1120
179	1121
9497	1122
6217	1123
2474	1124
47	1125
3782	1126
8846	1127
5404	1128
4448	1129
7210	1130
7107	1131
593	1132
4061	1133
7363	1134
8049	1135
255	1136
2661	1137
371	1138
4603	1139
2884	1140
2718	1141
2111	1142
6556	1143
5730	1144
5774	1145
7284	1146
5463	1147
4419	1148
9458	1149
3372	1150
26	1151
8749	1152
6312	1153
3951	1154
7491	1155
2948	1156
5915	1157
5200	1158
8078	1159
1653	1160
7582	1161
2774	1162
6358	1163
324	1164
6526	1165
7840	1166
7891	1167
8252	1168
1282	1169
1252	1170
7874	1171
7611	1172
4369	1173
5538	1174
1738	1175
8904	1176
3413	1177
8060	1178
2225	1179
314	1180
4479	1181
9466	1182
6417	1183
5433	1184
479	1185
2170	1186
6149	1187
8529	1188
8390	1189
980	1190
7858	1191
3815	1192
299	1193
7682	1194
4792	1195
6660	1196
1974	1197
3619	1198
2833	1199
1336	1200
3263	1201
7225	1202
8299	1203
6784	1204
8907	1205
2025	1206
4946	1207
9180	1208
1813	1209
4347	1210
7640	1211
9403	1212
6565	1213
3381	1214
8015	1215
2488	1216
6181	1217
4380	1218
873	1219
4787	1220
8629	1221
68	1222
3	1223
1898	1224
4848	1225
1837	1226
71	1227
1589	1228
9444	1229
2024	1230
237	1231
6478	1232
8503	1233
8379	1234
9334	1235
4422	1236
8090	1237
2521	1238
1139	1239
4592	1240
3141	1241
938	1242
8649	1243
6266	1244
4951	1245
2522	1246
9078	1247
6625	1248
2674	1249
7091	1250
4177	1251
841	1252
2559	1253
2737	1254
7022	1255
9124	1256
8812	1257
6026	1258
1492	1259
4513	1260
4987	1261
7523	1262
9162	1263
9201	1264
5873	1265
9093	1266
4246	1267
326	1268
7557	1269
3785	1270
4356	1271
4239	1272
5035	1273
3546	1274
1580	1275
3374	1276
472	1277
6123	1278
2022	1279
7972	1280
952	1281
2872	1282
7735	1283
111	1284
5575	1285
239	1286
4469	1287
4294	1288
7473	1289
3535	1290
6977	1291
7176	1292
9164	1293
7321	1294
8398	1295
3415	1296
668	1297
1466	1298
9247	1299
6374	1300
1848	1301
7223	1302
6634	1303
3012	1304
4324	1305
1423	1306
8277	1307
5172	1308
2612	1309
59	1310
5467	1311
735	1312
1451	1313
3754	1314
4	1315
2896	1316
3107	1317
49	1318
5676	1319
4680	1320
4751	1321
6061	1322
2115	1323
4434	1324
6745	1325
946	1326
3302	1327
982	1328
8347	1329
1833	1330
2977	1331
1083	1332
2237	1333
5991	1334
961	1335
7821	1336
5591	1337
8535	1338
8452	1339
8457	1340
7561	1341
6289	1342
3092	1343
2405	1344
5563	1345
8707	1346
7782	1347
9417	1348
4112	1349
825	1350
6351	1351
9222	1352
4717	1353
1493	1354
8668	1355
665	1356
4056	1357
6508	1358
5714	1359
1000	1360
8581	1361
2998	1362
1237	1363
3073	1364
9449	1365
201	1366
703	1367
8858	1368
1968	1369
5967	1370
41	1371
214	1372
2233	1373
4811	1374
1931	1375
1006	1376
2677	1377
2337	1378
6514	1379
2207	1380
1587	1381
1242	1382
6277	1383
1693	1384
3161	1385
6195	1386
6790	1387
9120	1388
554	1389
2871	1390
2082	1391
152	1392
2243	1393
8645	1394
658	1395
3779	1396
2343	1397
12	1398
363	1399
2703	1400
8225	1401
4777	1402
2580	1403
6042	1404
1196	1405
2346	1406
4934	1407
1710	1408
4	1409
7684	1410
5850	1411
6805	1412
3	1413
20	1414
51	1415
4539	1416
3622	1417
1519	1418
2950	1419
7548	1420
6174	1421
7594	1422
13	1423
6742	1424
5106	1425
245	1426
2786	1427
8830	1428
8922	1429
4815	1430
3321	1431
7740	1432
5921	1433
8403	1434
7899	1435
1823	1436
3369	1437
3063	1438
8680	1439
2558	1440
2213	1441
864	1442
2088	1443
3804	1444
8719	1445
9153	1446
9191	1447
3407	1448
5950	1449
5457	1450
8958	1451
9270	1452
5313	1453
1	1454
8443	1455
760	1456
5054	1457
8153	1458
2571	1459
6171	1460
2908	1461
2845	1462
6689	1463
9457	1464
4223	1465
2704	1466
2991	1467
3593	1468
5008	1469
4287	1470
2090	1471
4839	1472
3838	1473
5622	1474
6399	1475
3366	1476
5024	1477
8020	1478
7147	1479
3702	1480
1358	1481
7256	1482
4691	1483
6621	1484
5677	1485
55	1486
6389	1487
8150	1488
7900	1489
5532	1490
1441	1491
7058	1492
345	1493
6356	1494
912	1495
6223	1496
5689	1497
43	1498
7624	1499
1948	1500
276	1501
4339	1502
1598	1503
4373	1504
2009	1505
7302	1506
685	1507
4534	1508
192	1509
1298	1510
5832	1511
2764	1512
9276	1513
8604	1514
3424	1515
3513	1516
4971	1517
792	1518
2324	1519
2281	1520
1479	1521
8938	1522
4009	1523
1132	1524
2285	1525
4296	1526
7494	1527
2743	1528
233	1529
2891	1530
1121	1531
9447	1532
3743	1533
2631	1534
222	1535
355	1536
2120	1537
24	1538
8588	1539
8045	1540
4530	1541
2239	1542
7971	1543
280	1544
1089	1545
5750	1546
5802	1547
4686	1548
260	1549
273	1550
7955	1551
86	1552
2257	1553
2114	1554
4156	1555
2385	1556
348	1557
8776	1558
7281	1559
7291	1560
7769	1561
779	1562
5306	1563
391	1564
857	1565
4879	1566
149	1567
3836	1568
4247	1569
4881	1570
7470	1571
6254	1572
3278	1573
7845	1574
3388	1575
3562	1576
4917	1577
416	1578
1468	1579
317	1580
1040	1581
5980	1582
2180	1583
3401	1584
6357	1585
4767	1586
4575	1587
6450	1588
3308	1589
7185	1590
7227	1591
8987	1592
3090	1593
3680	1594
4829	1595
8128	1596
1516	1597
6675	1598
874	1599
348	1600
7553	1601
5400	1602
8811	1603
5092	1604
6148	1605
3348	1606
6563	1607
6946	1608
4536	1609
240	1610
2685	1611
3125	1612
5481	1613
4915	1614
9157	1615
434	1616
653	1617
7875	1618
1356	1619
5345	1620
406	1621
2711	1622
4553	1623
1402	1624
1834	1625
1387	1626
5221	1627
891	1628
3821	1629
2290	1630
2244	1631
7631	1632
4922	1633
8131	1634
6435	1635
2406	1636
2838	1637
853	1638
1161	1639
4763	1640
20	1641
74	1642
9434	1643
250	1644
1749	1645
8756	1646
3652	1647
281	1648
2014	1649
5473	1650
5772	1651
5513	1652
2875	1653
2272	1654
9148	1655
1141	1656
7906	1657
31	1658
2327	1659
8900	1660
8752	1661
2241	1662
3233	1663
6780	1664
1164	1665
6507	1666
1588	1667
6199	1668
5740	1669
8610	1670
6881	1671
3228	1672
5292	1673
6349	1674
1887	1675
303	1676
6658	1677
9462	1678
1505	1679
8478	1680
5646	1681
730	1682
3613	1683
3744	1684
8544	1685
6340	1686
1645	1687
5901	1688
4677	1689
3999	1690
4897	1691
2197	1692
4789	1693
520	1694
6914	1695
4441	1696
337	1697
4570	1698
6867	1699
5434	1700
9550	1701
9307	1702
6410	1703
2027	1704
9500	1705
3691	1706
5435	1707
8540	1708
1762	1709
5510	1710
4856	1711
379	1712
241	1713
2957	1714
8640	1715
42	1716
6240	1717
8304	1718
385	1719
3556	1720
4642	1721
4249	1722
6762	1723
6559	1724
634	1725
729	1726
3447	1727
7249	1728
3222	1729
4135	1730
8565	1731
3660	1732
5732	1733
3827	1734
8394	1735
862	1736
7658	1737
2376	1738
4162	1739
4579	1740
9075	1741
8003	1742
4780	1743
5492	1744
3080	1745
3010	1746
9149	1747
877	1748
8181	1749
5299	1750
7407	1751
170	1752
8980	1753
8127	1754
844	1755
5550	1756
7017	1757
6350	1758
9485	1759
3695	1760
7377	1761
4878	1762
8671	1763
1178	1764
6504	1765
9060	1766
2106	1767
2333	1768
7882	1769
274	1770
1803	1771
5370	1772
7396	1773
7026	1774
6708	1775
1773	1776
5486	1777
6779	1778
9473	1779
4093	1780
445	1781
2293	1782
9231	1783
604	1784
7449	1785
7415	1786
5460	1787
719	1788
1527	1789
8678	1790
145	1791
16	1792
7181	1793
5988	1794
9281	1795
5500	1796
107	1797
7969	1798
193	1799
7194	1800
4433	1801
5624	1802
1316	1803
155	1804
2417	1805
3522	1806
8787	1807
8401	1808
8026	1809
812	1810
9409	1811
9125	1812
6569	1813
8722	1814
8204	1815
3213	1816
3043	1817
9250	1818
6462	1819
8203	1820
4081	1821
854	1822
8914	1823
543	1824
3553	1825
3428	1826
1550	1827
5155	1828
3675	1829
8393	1830
1769	1831
6904	1832
5893	1833
2783	1834
2892	1835
1071	1836
5509	1837
2535	1838
122	1839
5419	1840
3261	1841
7487	1842
469	1843
4926	1844
7660	1845
8213	1846
4888	1847
3759	1848
5174	1849
831	1850
8696	1851
639	1852
1036	1853
3322	1854
9551	1855
6221	1856
5193	1857
5501	1858
728	1859
3148	1860
7768	1861
3339	1862
8170	1863
2414	1864
1477	1865
7234	1866
5241	1867
6109	1868
8589	1869
8191	1870
9130	1871
1810	1872
9210	1873
606	1874
535	1875
4141	1876
7694	1877
2369	1878
367	1879
5367	1880
8334	1881
534	1882
7213	1883
1066	1884
1049	1885
8560	1886
38	1887
58	1888
8370	1889
3387	1890
7385	1891
4786	1892
9296	1893
8802	1894
7999	1895
1740	1896
752	1897
8088	1898
4094	1899
1761	1900
9471	1901
4058	1902
7236	1903
9315	1904
6558	1905
564	1906
7243	1907
8950	1908
4733	1909
998	1910
6175	1911
7244	1912
1385	1913
495	1914
47	1915
541	1916
404	1917
5443	1918
1143	1919
3547	1920
2663	1921
1224	1922
964	1923
6379	1924
3457	1925
1622	1926
925	1927
6470	1928
6339	1929
4049	1930
1227	1931
8516	1932
790	1933
5904	1934
4657	1935
788	1936
9303	1937
2154	1938
1176	1939
8053	1940
6510	1941
8220	1942
1574	1943
8934	1944
8698	1945
7704	1946
904	1947
7322	1948
9380	1949
8988	1950
3444	1951
637	1952
6540	1953
8533	1954
6290	1955
5039	1956
6201	1957
5470	1958
3417	1959
5081	1960
123	1961
1038	1962
3481	1963
8106	1964
4392	1965
3204	1966
4199	1967
4867	1968
8017	1969
5691	1970
7945	1971
2519	1972
3945	1973
5352	1974
6168	1975
7125	1976
8493	1977
5937	1978
1293	1979
3786	1980
388	1981
7970	1982
5541	1983
2911	1984
7403	1985
5911	1986
7706	1987
3605	1988
5250	1989
6566	1990
3856	1991
227	1992
3029	1993
2595	1994
7636	1995
9372	1996
8308	1997
1569	1998
3829	1999
5120	2000
4874	2001
4130	2002
9	2003
8982	2004
4149	2005
2741	2006
1613	2007
8806	2008
776	2009
8216	2010
1382	2011
6106	2012
31	2013
1767	2014
3434	2015
7980	2016
3115	2017
9066	2018
5203	2019
4322	2020
9051	2021
8818	2022
5795	2023
2080	2024
1744	2025
2923	2026
2648	2027
17	2028
3664	2029
6733	2030
3446	2031
8199	2032
2437	2033
1034	2034
9010	2035
6076	2036
3868	2037
5767	2038
3104	2039
7897	2040
408	2041
8949	2042
332	2043
297	2044
6843	2045
963	2046
953	2047
2480	2048
54	2049
8388	2050
279	2051
3236	2052
2548	2053
9520	2054
7752	2055
2717	2056
2339	2057
2439	2058
1428	2059
89	2060
1564	2061
9510	2062
1050	2063
4276	2064
2487	2065
6241	2066
1272	2067
4582	2068
3114	2069
7623	2070
2404	2071
5288	2072
28	2073
209	2074
5343	2075
5102	2076
7837	2077
9190	2078
473	2079
8126	2080
7394	2081
6673	2082
6257	2083
1043	2084
7486	2085
4464	2086
2569	2087
7458	2088
3515	2089
8371	2090
3980	2091
8189	2092
9161	2093
3627	2094
3685	2095
4694	2096
6292	2097
1735	2098
1018	2099
3788	2100
141	2101
312	2102
3592	2103
46	2104
2113	2105
2143	2106
1533	2107
2108	2108
411	2109
7518	2110
5240	2111
2481	2112
8460	2113
6534	2114
905	2115
805	2116
7238	2117
8089	2118
6302	2119
3386	2120
5437	2121
214	2122
5694	2123
3247	2124
5578	2125
2018	2126
6943	2127
7287	2128
3501	2129
2961	2130
1295	2131
8816	2132
7629	2133
1964	2134
378	2135
2402	2136
503	2137
2299	2138
2506	2139
5686	2140
2930	2141
5392	2142
1750	2143
196	2144
5145	2145
8245	2146
7563	2147
9013	2148
1001	2149
6152	2150
7774	2151
7662	2152
7145	2153
2666	2154
304	2155
622	2156
1163	2157
1624	2158
7184	2159
3683	2160
8376	2161
257	2162
5269	2163
4739	2164
1912	2165
352	2166
2426	2167
5502	2168
7700	2169
2296	2170
8158	2171
6831	2172
2329	2173
2253	2174
9437	2175
6602	2176
4590	2177
2457	2178
7869	2179
8763	2180
8894	2181
5688	2182
5771	2183
9442	2184
1375	2185
181	2186
18	2187
6262	2188
2858	2189
3668	2190
8643	2191
4802	2192
793	2193
861	2194
3426	2195
177	2196
6769	2197
4051	2198
5555	2199
6855	2200
5465	2201
5741	2202
262	2203
4026	2204
8397	2205
6320	2206
9524	2207
7871	2208
6071	2209
2424	2210
7001	2211
707	2212
4747	2213
8112	2214
944	2215
1536	2216
482	2217
269	2218
8507	2219
3528	2220
1277	2221
1611	2222
3798	2223
6959	2224
3895	2225
8140	2226
7420	2227
4571	2228
8600	2229
7268	2230
8571	2231
3147	2232
8451	2233
5471	2234
7983	2235
3202	2236
6052	2237
2587	2238
8931	2239
3373	2240
8142	2241
4861	2242
2914	2243
5869	2244
9366	2245
3927	2246
4561	2247
4937	2248
1303	2249
2903	2250
3705	2251
3231	2252
804	2253
7618	2254
8425	2255
2351	2256
605	2257
629	2258
2498	2259
6376	2260
3806	2261
7794	2262
1688	2263
8688	2264
7873	2265
3112	2266
9053	2267
6078	2268
1092	2269
1216	2270
218	2271
2754	2272
2468	2273
439	2274
2013	2275
4183	2276
7094	2277
232	2278
7190	2279
1608	2280
2590	2281
8632	2282
8437	2283
8032	2284
5058	2285
4332	2286
7218	2287
8487	2288
8309	2289
237	2290
5595	2291
3136	2292
9085	2293
4719	2294
9069	2295
2560	2296
2809	2297
6857	2298
6062	2299
3175	2300
1828	2301
3025	2302
8832	2303
7951	2304
8874	2305
516	2306
6561	2307
471	2308
1124	2309
2675	2310
4772	2311
8677	2312
1204	2313
6983	2314
902	2315
1794	2316
9320	2317
491	2318
3455	2319
2105	2320
4067	2321
7233	2322
5182	2323
139	2324
1951	2325
3818	2326
4326	2327
3837	2328
524	2329
446	2330
820	2331
3845	2332
3678	2333
3747	2334
774	2335
3185	2336
5255	2337
1775	2338
8424	2339
8960	2340
4278	2341
7843	2342
6883	2343
5019	2344
6345	2345
6457	2346
8171	2347
4321	2348
7080	2349
2156	2350
2504	2351
1623	2352
6461	2353
676	2354
2621	2355
8635	2356
241	2357
6314	2358
706	2359
7196	2360
1406	2361
7250	2362
2658	2363
7924	2364
973	2365
2529	2366
3883	2367
2428	2368
165	2369
107	2370
9114	2371
879	2372
58	2373
9294	2374
4196	2375
8834	2376
6828	2377
2100	2378
7702	2379
2873	2380
3595	2381
1311	2382
6128	2383
4927	2384
4558	2385
7657	2386
4167	2387
1864	2388
4291	2389
6054	2390
9226	2391
3598	2392
5210	2393
6315	2394
2507	2395
2592	2396
4057	2397
1157	2398
9487	2399
7681	2400
1980	2401
6472	2402
2755	2403
2637	2404
225	2405
451	2406
570	2407
8513	2408
2335	2409
1562	2410
3187	2411
2315	2412
4420	2413
7246	2414
3328	2415
4531	2416
3745	2417
6748	2418
234	2419
8620	2420
907	2421
7440	2422
4953	2423
9324	2424
64	2425
9234	2426
2452	2427
182	2428
6064	2429
1188	2430
2149	2431
3353	2432
7042	2433
1962	2434
2966	2435
5628	2436
837	2437
1847	2438
5782	2439
175	2440
9305	2441
7572	2442
5495	2443
3979	2444
2078	2445
100	2446
2669	2447
9113	2448
9140	2449
8778	2450
1122	2451
3474	2452
5547	2453
6291	2454
1795	2455
3376	2456
9150	2457
385	2458
2938	2459
6923	2460
2031	2461
341	2462
8552	2463
7273	2464
8047	2465
5334	2466
7510	2467
1942	2468
1258	2469
5548	2470
8943	2471
8710	2472
3139	2473
9015	2474
126	2475
2817	2476
130	2477
4302	2478
9100	2479
602	2480
3833	2481
5043	2482
5317	2483
6633	2484
212	2485
4903	2486
4989	2487
5206	2488
2198	2489
7480	2490
569	2491
7868	2492
1185	2493
7847	2494
9314	2495
4588	2496
5029	2497
1922	2498
5359	2499
5662	2500
8636	2501
2827	2502
8520	2503
8546	2504
5204	2505
4938	2506
9206	2507
7393	2508
4404	2509
9390	2510
147	2511
6882	2512
5064	2513
2169	2514
5216	2515
7676	2516
5097	2517
9432	2518
1169	2519
5323	2520
2830	2521
8981	2522
5800	2523
6719	2524
9050	2525
940	2526
7476	2527
1541	2528
4721	2529
302	2530
4601	2531
3630	2532
9291	2533
2611	2534
1429	2535
1494	2536
5472	2537
7827	2538
2467	2539
962	2540
2782	2541
3987	2542
8917	2543
3378	2544
4826	2545
721	2546
228	2547
370	2548
5153	2549
8044	2550
2702	2551
4099	2552
802	2553
3309	2554
2907	2555
6346	2556
1605	2557
4085	2558
3792	2559
3729	2560
440	2561
6749	2562
9388	2563
293	2564
7052	2565
5503	2566
7367	2567
2093	2568
1595	2569
8821	2570
3031	2571
3035	2572
128	2573
6313	2574
6165	2575
5793	2576
332	2577
9541	2578
3249	2579
6971	2580
956	2581
2543	2582
8854	2583
2436	2584
1699	2585
3156	2586
4446	2587
2822	2588
663	2589
5015	2590
462	2591
3004	2592
2576	2593
165	2594
2001	2595
2931	2596
758	2597
40	2598
336	2599
9079	2600
7157	2601
3500	2602
3570	2603
6000	2604
8574	2605
6013	2606
7351	2607
1110	2608
5418	2609
1755	2610
5188	2611
265	2612
8160	2613
7453	2614
7195	2615
1654	2616
2823	2617
81	2618
7261	2619
1422	2620
3440	2621
833	2622
7520	2623
326	2624
3881	2625
2881	2626
6895	2627
7856	2628
9213	2629
1331	2630
1876	2631
5297	2632
6612	2633
1503	2634
2671	2635
261	2636
4072	2637
5801	2638
5055	2639
5499	2640
2565	2641
7464	2642
6750	2643
3963	2644
7940	2645
910	2646
1156	2647
8979	2648
6446	2649
2455	2650
4147	2651
647	2652
3405	2653
6697	2654
9229	2655
5972	2656
2137	2657
1915	2658
4564	2659
7118	2660
3393	2661
978	2662
1899	2663
571	2664
4817	2665
9467	2666
1148	2667
6890	2668
3019	2669
3060	2670
7110	2671
7556	2672
2850	2673
1440	2674
1069	2675
6594	2676
7564	2677
354	2678
6844	2679
6825	2680
7590	2681
3581	2682
3286	2683
6426	2684
2292	2685
1967	2686
4023	2687
7151	2688
2084	2689
1758	2690
5825	2691
8232	2692
2112	2693
645	2694
1072	2695
6074	2696
9496	2697
4776	2698
1812	2699
2575	2700
8258	2701
5488	2702
1630	2703
6049	2704
1701	2705
4063	2706
2831	2707
4297	2708
1280	2709
1496	2710
246	2711
7877	2712
5675	2713
4190	2714
5707	2715
8872	2716
164	2717
4988	2718
5594	2719
1028	2720
4257	2721
5090	2722
2461	2723
4997	2724
1548	2725
8337	2726
132	2727
2624	2728
975	2729
8289	2730
1279	2731
8080	2732
2134	2733
1350	2734
3730	2735
393	2736
5856	2737
127	2738
1112	2739
4906	2740
8296	2741
342	2742
6698	2743
518	2744
3214	2745
1032	2746
5927	2747
5494	2748
284	2749
3062	2750
4014	2751
2224	2752
6575	2753
8845	2754
4393	2755
7350	2756
8447	2757
7016	2758
5995	2759
8561	2760
1727	2761
4349	2762
3597	2763
141	2764
8315	2765
502	2766
9025	2767
4851	2768
6222	2769
8061	2770
2000	2771
9328	2772
100	2773
368	2774
4806	2775
226	2776
5442	2777
7720	2778
5668	2779
290	2780
751	2781
3896	2782
2766	2783
396	2784
8295	2785
8773	2786
4986	2787
7895	2788
9	2789
5160	2790
7566	2791
2941	2792
6205	2793
9232	2794
4774	2795
3586	2796
1695	2797
9040	2798
8228	2799
689	2800
19	2801
8972	2802
5780	2803
9177	2804
4905	2805
9271	2806
6980	2807
5644	2808
6927	2809
4660	2810
9313	2811
5809	2812
6189	2813
1662	2814
1081	2815
8113	2816
7850	2817
780	2818
1558	2819
3257	2820
7935	2821
7680	2822
6323	2823
6512	2824
2056	2825
9346	2826
3558	2827
2482	2828
173	2829
2055	2830
2353	2831
4281	2832
8666	2833
9020	2834
7799	2835
3850	2836
8713	2837
900	2838
1327	2839
8474	2840
7851	2841
2116	2842
2795	2843
4633	2844
1976	2845
2927	2846
7928	2847
2987	2848
3574	2849
6596	2850
1857	2851
5526	2852
1979	2853
8442	2854
5557	2855
2508	2856
2133	2857
7966	2858
4546	2859
8058	2860
9548	2861
6146	2862
296	2863
1223	2864
333	2865
2305	2866
996	2867
30	2868
8920	2869
9227	2870
2310	2871
353	2872
4981	2873
3265	2874
8230	2875
2003	2876
1170	2877
4914	2878
7257	2879
1012	2880
2072	2881
3764	2882
1858	2883
1746	2884
5273	2885
4077	2886
6335	2887
3102	2888
7537	2889
8909	2890
6423	2891
7627	2892
6701	2893
8432	2894
1682	2895
6901	2896
5482	2897
4715	2898
8959	2899
1137	2900
6930	2901
3817	2902
809	2903
3722	2904
936	2905
9531	2906
5897	2907
9172	2908
8336	2909
6747	2910
477	2911
2063	2912
8280	2913
6390	2914
254	2915
4027	2916
2425	2917
6364	2918
5788	2919
4205	2920
9219	2921
5165	2922
9486	2923
1079	2924
9128	2925
5422	2926
3448	2927
37	2928
238	2929
5040	2930
2434	2931
4713	2932
7549	2933
3245	2934
8848	2935
8768	2936
7992	2937
1434	2938
1305	2939
5498	2940
7376	2941
4235	2942
713	2943
5627	2944
2944	2945
8392	2946
2297	2947
1014	2948
263	2949
4048	2950
6150	2951
7056	2952
136	2953
484	2954
48	2955
4898	2956
7138	2957
5977	2958
8326	2959
5757	2960
7253	2961
259	2962
1845	2963
1144	2964
8453	2965
9304	2966
6331	2967
185	2968
5491	2969
8099	2970
138	2971
8955	2972
1732	2973
4690	2974
1683	2975
28	2976
7175	2977
486	2978
711	2979
400	2980
8303	2981
3565	2982
3410	2983
2976	2984
1031	2985
7477	2986
1274	2987
4804	2988
3676	2989
2586	2990
1206	2991
4611	2992
2484	2993
7093	2994
8054	2995
5670	2996
933	2997
1684	2998
7823	2999
7416	3000
8930	3001
9147	3002
8502	3003
4346	3004
140	3005
2382	3006
5990	3007
6011	3008
7626	3009
3721	3010
5496	3011
6069	3012
5294	3013
1229	3014
6572	3015
8118	3016
2767	3017
2656	3018
4318	3019
6383	3020
8521	3021
191	3022
2500	3023
6617	3024
8196	3025
79	3026
9044	3027
3219	3028
1722	3029
2676	3030
4557	3031
7861	3032
3538	3033
5996	3034
5611	3035
1596	3036
4453	3037
2723	3038
6207	3039
2309	3040
7474	3041
119	3042
7266	3043
6330	3044
6792	3045
7149	3046
5162	3047
562	3048
7380	3049
3177	3050
9474	3051
3936	3052
1236	3053
3453	3054
7002	3055
6160	3056
614	3057
6336	3058
3852	3059
9107	3060
1676	3061
3151	3062
2110	3063
4818	3064
6438	3065
6760	3066
6652	3067
3667	3068
8631	3069
6255	3070
9203	3071
8215	3072
156	3073
6597	3074
6879	3075
6272	3076
7307	3077
3365	3078
3483	3079
8462	3080
4139	3081
2670	3082
4086	3083
4857	3084
5	3085
6299	3086
9295	3087
6495	3088
7830	3089
132	3090
2444	3091
8114	3092
6200	3093
224	3094
8663	3095
9491	3096
3512	3097
3977	3098
62	3099
422	3100
4711	3101
9420	3102
539	3103
340	3104
9112	3105
490	3106
6225	3107
3990	3108
5319	3109
1343	3110
8683	3111
7115	3112
3332	3113
7771	3114
8966	3115
198	3116
3235	3117
7295	3118
7953	3119
1839	3120
7825	3121
4069	3122
6966	3123
3091	3124
6300	3125
4140	3126
1243	3127
386	3128
1304	3129
4606	3130
7370	3131
7221	3132
1614	3133
638	3134
6615	3135
6303	3136
8414	3137
5589	3138
3462	3139
5278	3140
15	3141
4577	3142
2066	3143
5992	3144
868	3145
6375	3146
7755	3147
4231	3148
2184	3149
7986	3150
7929	3151
5000	3152
2	3153
9248	3154
3058	3155
4289	3156
3981	3157
6834	3158
402	3159
8945	3160
2119	3161
4635	3162
6316	3163
9017	3164
3972	3165
8419	3166
1988	3167
7808	3168
7104	3169
8458	3170
560	3171
7506	3172
9009	3173
8399	3174
1664	3175
4593	3176
1604	3177
6665	3178
6105	3179
5804	3180
26	3181
2819	3182
390	3183
9312	3184
1802	3185
8091	3186
3288	3187
9244	3188
7343	3189
7630	3190
195	3191
8197	3192
1753	3193
2065	3194
3934	3195
8444	3196
1213	3197
5311	3198
7100	3199
4316	3200
4407	3201
8794	3202
187	3203
896	3204
7431	3205
4605	3206
8120	3207
443	3208
70	3209
6033	3210
3046	3211
8563	3212
5066	3213
9523	3214
2204	3215
3957	3216
7345	3217
2751	3218
6967	3219
583	3220
3331	3221
4127	3222
2238	3223
5397	3224
53	3225
1538	3226
8660	3227
2168	3228
894	3229
7389	3230
7883	3231
5654	3232
7430	3233
5038	3234
1465	3235
1244	3236
7460	3237
9246	3238
8500	3239
5394	3240
167	3241
2103	3242
8	3243
6021	3244
1557	3245
2173	3246
4975	3247
7993	3248
6278	3249
8242	3250
1159	3251
9257	3252
1329	3253
4250	3254
2531	3255
1391	3256
8373	3257
3653	3258
4655	3259
3646	3260
1809	3261
4088	3262
1436	3263
2494	3264
1759	3265
4741	3266
4730	3267
6947	3268
8396	3269
7336	3270
2102	3271
6905	3272
335	3273
1056	3274
8056	3275
5989	3276
1189	3277
7248	3278
6639	3279
5091	3280
995	3281
1534	3282
3772	3283
6147	3284
3787	3285
4168	3286
102	3287
3834	3288
5603	3289
5737	3290
6166	3291
2701	3292
2101	3293
1504	3294
5985	3295
3763	3296
5514	3297
2006	3298
9160	3299
351	3300
211	3301
4679	3302
4258	3303
2955	3304
3493	3305
199	3306
8001	3307
6211	3308
8853	3309
4382	3310
969	3311
2375	3312
5373	3313
972	3314
6099	3315
4723	3316
4706	3317
7216	3318
52	3319
8007	3320
1287	3321
5839	3322
2610	3323
5291	3324
6996	3325
6250	3326
4	3327
2916	3328
8270	3329
8183	3330
7182	3331
3825	3332
3096	3333
3284	3334
1808	3335
5307	3336
5134	3337
8282	3338
6785	3339
2818	3340
8881	3341
8363	3342
5388	3343
8583	3344
4491	3345
3052	3346
307	3347
7785	3348
1443	3349
6642	3350
7775	3351
2683	3352
544	3353
2365	3354
8205	3355
38	3356
4725	3357
7622	3358
5504	3359
4506	3360
2259	3361
7265	3362
2358	3363
7796	3364
5693	3365
5474	3366
7540	3367
461	3368
4995	3369
977	3370
9536	3371
3199	3372
7183	3373
2604	3374
5056	3375
7571	3376
3065	3377
8263	3378
4551	3379
399	3380
2492	3381
6079	3382
3399	3383
6129	3384
2172	3385
375	3386
3508	3387
5429	3388
9495	3389
7479	3390
1579	3391
277	3392
7015	3393
6083	3394
8485	3395
4693	3396
4852	3397
2712	3398
8889	3399
1226	3400
9300	3401
6017	3402
3931	3403
7073	3404
8633	3405
5411	3406
4368	3407
59	3408
5755	3409
263	3410
4455	3411
7538	3412
6757	3413
8155	3414
4834	3415
6521	3416
1342	3417
211	3418
8233	3419
5645	3420
5848	3421
6527	3422
3082	3423
2150	3424
5981	3425
466	3426
6955	3427
2959	3428
4614	3429
194	3430
835	3431
1138	3432
311	3433
5769	3434
8273	3435
9260	3436
1606	3437
2962	3438
9338	3439
1844	3440
3059	3441
1198	3442
127	3443
3000	3444
9264	3445
9385	3446
8745	3447
2041	3448
7121	3449
6537	3450
7072	3451
8804	3452
4159	3453
3473	3454
6741	3455
367	3456
4202	3457
12	3458
9460	3459
6954	3460
8795	3461
5454	3462
6444	3463
6204	3464
1861	3465
8965	3466
6819	3467
5045	3468
4698	3469
4902	3470
3712	3471
4913	3472
5224	3473
1332	3474
5678	3475
148	3476
7612	3477
8673	3478
5178	3479
9302	3480
429	3481
87	3482
5747	3483
2810	3484
5194	3485
376	3486
9018	3487
1294	3488
9101	3489
7289	3490
5252	3491
9167	3492
3341	3493
1307	3494
1447	3495
7327	3496
401	3497
50	3498
6875	3499
8284	3500
252	3501
6869	3502
6464	3503
3923	3504
6295	3505
4899	3506
7442	3507
8240	3508
9422	3509
4120	3510
6429	3511
9218	3512
8976	3513
6068	3514
4681	3515
2869	3516
8229	3517
4103	3518
4847	3519
82	3520
1540	3521
6396	3522
5576	3523
82	3524
6164	3525
3489	3526
310	3527
7116	3528
5444	3529
6842	3530
8656	3531
463	3532
8667	3533
2851	3534
6040	3535
8499	3536
1573	3537
5779	3538
1467	3539
2775	3540
4794	3541
1697	3542
7279	3543
8198	3544
7633	3545
4999	3546
6674	3547
4050	3548
9225	3549
6082	3550
9511	3551
917	3552
3008	3553
2331	3554
4362	3555
8134	3556
8908	3557
4204	3558
1892	3559
2125	3560
6643	3561
2323	3562
5295	3563
154	3564
381	3565
2719	3566
7968	3567
3409	3568
7517	3569
205	3570
1718	3571
1281	3572
5010	3573
7201	3574
7772	3575
8901	3576
6522	3577
7271	3578
3777	3579
8674	3580
5	3581
1301	3582
3517	3583
5449	3584
9265	3585
6573	3586
6	3587
4036	3588
1934	3589
9285	3590
2883	3591
4145	3592
2067	3593
631	3594
6179	3595
5198	3596
157	3597
3441	3598
7718	3599
1470	3600
7762	3601
6041	3602
9344	3603
8815	3604
1539	3605
897	3606
5853	3607
2695	3608
8693	3609
7	3610
827	3611
497	3612
7165	3613
5074	3614
8695	3615
4764	3616
3750	3617
29	3618
8479	3619
8093	3620
4795	3621
4110	3622
9424	3623
3015	3624
525	3625
6765	3626
8892	3627
2429	3628
1404	3629
7728	3630
796	3631
3693	3632
3343	3633
867	3634
3657	3635
2994	3636
732	3637
2802	3638
4744	3639
5475	3640
2432	3641
7930	3642
1751	3643
4904	3644
1708	3645
8694	3646
5824	3647
174	3648
5664	3649
5734	3650
7667	3651
3689	3652
356	3653
5546	3654
2419	3655
5390	3656
700	3657
7982	3658
327	3659
5723	3660
9396	3661
6366	3662
5522	3663
590	3664
9145	3665
2975	3666
7687	3667
6515	3668
1052	3669
281	3670
880	3671
8767	3672
6411	3673
359	3674
3435	3675
7448	3676
3599	3677
1486	3678
8092	3679
1827	3680
2258	3681
4376	3682
4010	3683
7140	3684
8948	3685
1890	3686
5286	3687
9411	3688
4781	3689
4083	3690
5112	3691
4334	3692
3183	3693
114	3694
4238	3695
7484	3696
7128	3697
2332	3698
9537	3699
3643	3700
25	3701
924	3702
3862	3703
5534	3704
3127	3705
5417	3706
4742	3707
2286	3708
2509	3709
4435	3710
6686	3711
4417	3712
8504	3713
7528	3714
125	3715
8328	3716
2175	3717
5888	3718
6546	3719
152	3720
5726	3721
5447	3722
8175	3723
5271	3724
8793	3725
3488	3726
1674	3727
6483	3728
2953	3729
1	3730
7277	3731
3793	3732
6922	3733
2909	3734
69	3735
4171	3736
64	3737
3480	3738
4020	3739
3584	3740
746	3741
2083	3742
6644	3743
686	3744
4005	3745
7846	3746
3962	3747
9217	3748
7773	3749
739	3750
14	3751
4868	3752
8782	3753
8564	3754
9146	3755
5312	3756
2465	3757
5709	3758
616	3759
2081	3760
3499	3761
1914	3762
3812	3763
3005	3764
3252	3765
3803	3766
1628	3767
8978	3768
8576	3769
489	3770
866	3771
9028	3772
2886	3773
6501	3774
2919	3775
7298	3776
8918	3777
3206	3778
3089	3779
5891	3780
3983	3781
9544	3782
2888	3783
7205	3784
172	3785
2681	3786
1345	3787
2652	3788
1953	3789
2937	3790
2779	3791
9309	3792
2954	3793
4309	3794
7787	3795
2926	3796
3568	3797
8374	3798
7592	3799
4255	3800
1900	3801
2745	3802
3018	3803
4425	3804
3335	3805
5932	3806
90	3807
6151	3808
9425	3809
7541	3810
5582	3811
6188	3812
724	3813
8691	3814
307	3815
213	3816
6203	3817
6973	3818
1210	3819
5423	3820
7567	3821
5158	3822
1748	3823
7356	3824
6178	3825
9316	3826
8956	3827
7745	3828
3360	3829
3542	3830
7103	3831
7502	3832
7508	3833
9106	3834
2878	3835
153	3836
4925	3837
7814	3838
2534	3839
4566	3840
6588	3841
5013	3842
8646	3843
613	3844
5073	3845
8736	3846
6002	3847
6491	3848
654	3849
198	3850
3326	3851
9198	3852
301	3853
6771	3854
1856	3855
8851	3856
196	3857
2147	3858
3179	3859
5910	3860
745	3861
8169	3862
343	3863
2524	3864
4233	3865
7005	3866
27	3867
2581	3868
7678	3869
3617	3870
6219	3871
3327	3872
1743	3873
9011	3874
25	3875
6585	3876
148	3877
4662	3878
5907	3879
4379	3880
1882	3881
8055	3882
5051	3883
8095	3884
7154	3885
4656	3886
5862	3887
7546	3888
1256	3889
3582	3890
830	3891
8488	3892
3548	3893
6758	3894
3585	3895
9538	3896
1846	3897
8456	3898
3532	3899
1344	3900
4445	3901
8637	3902
7542	3903
2971	3904
6630	3905
7865	3906
5239	3907
163	3908
7646	3909
83	3910
6245	3911
2357	3912
4123	3913
7051	3914
3368	3915
5986	3916
1075	3917
1512	3918
1286	3919
8947	3920
7237	3921
1518	3922
1530	3923
5032	3924
3811	3925
3910	3926
9187	3927
3318	3928
6735	3929
2502	3930
6436	3931
1480	3932
5256	3933
1474	3934
4976	3935
2445	3936
4463	3937
5790	3938
8221	3939
7950	3940
10	3941
5006	3942
4121	3943
2069	3944
5107	3945
285	3946
2867	3947
18	3948
224	3949
6655	3950
7468	3951
4415	3952
2607	3953
1520	3954
6656	3955
6889	3956
7938	3957
1817	3958
9379	3959
8477	3960
8470	3961
660	3962
5279	3963
4624	3964
3734	3965
531	3966
2811	3967
2725	3968
250	3969
2554	3970
4801	3971
7141	3972
7544	3973
21	3974
5331	3975
8550	3976
3277	3977
5666	3978
1756	3979
341	3980
3699	3981
9381	3982
319	3983
6744	3984
7475	3985
5458	3986
7008	3987
1610	3988
2411	3989
8145	3990
8412	3991
6933	3992
1105	3993
4977	3994
1650	3995
2556	3996
67	3997
1194	3998
898	3999
7575	4000
7079	4001
1168	4002
3621	4003
4559	4004
5436	4005
4213	4006
958	4007
289	4008
948	4009
4732	4010
1961	4011
7365	4012
7726	4013
5395	4014
5806	4015
1488	4016
4948	4017
66	4018
6305	4019
7463	4020
230	4021
8184	4022
4562	4023
4671	4024
4972	4025
875	4026
384	4027
5855	4028
415	4029
1888	4030
4245	4031
2370	4032
226	4033
2920	4034
1975	4035
1129	4036
3340	4037
4502	4038
3932	4039
9268	4040
4515	4041
9406	4042
8801	4043
9423	4044
3783	4045
2026	4046
6334	4047
6309	4048
4354	4049
8219	4050
7292	4051
4869	4052
8569	4053
19	4054
8467	4055
1193	4056
607	4057
5699	4058
687	4059
5	4060
2421	4061
68	4062
6347	4063
368	4064
4217	4065
2060	4066
4729	4067
133	4068
6827	4069
5430	4070
4285	4071
5631	4072
70	4073
1209	4074
17	4075
7816	4076
5456	4077
4377	4078
5330	4079
8265	4080
1077	4081
4098	4082
92	4083
4473	4084
8733	4085
8501	4086
2634	4087
863	4088
5461	4089
298	4090
3272	4091
2044	4092
4178	4093
7324	4094
6694	4095
2271	4096
4236	4097
5826	4098
9194	4099
8068	4100
5314	4101
1461	4102
3024	4103
767	4104
3851	4105
9362	4106
4118	4107
1222	4108
7346	4109
7398	4110
2744	4111
8836	4112
737	4113
3511	4114
8454	4115
7472	4116
1585	4117
9488	4118
8077	4119
1901	4120
5955	4121
3864	4122
3491	4123
899	4124
742	4125
4523	4126
7595	4127
4890	4128
7492	4129
584	4130
1469	4131
5022	4132
6463	4133
8796	4134
8117	4135
628	4136
33	4137
2917	4138
1398	4139
5014	4140
3746	4141
6952	4142
9340	4143
1341	4144
137	4145
3358	4146
7749	4147
4828	4148
1368	4149
9357	4150
1087	4151
5847	4152
4626	4153
6029	4154
8865	4155
937	4156
4303	4157
2759	4158
9207	4159
6111	4160
9192	4161
6938	4162
6407	4163
6070	4164
3725	4165
220	4166
8346	4167
6239	4168
2568	4169
3461	4170
748	4171
5831	4172
5069	4173
8608	4174
7129	4175
7576	4176
6806	4177
3301	4178
2409	4179
3778	4180
6190	4181
6713	4182
395	4183
4456	4184
2501	4185
9119	4186
6157	4187
6481	4188
8566	4189
5517	4190
2632	4191
8630	4192
3495	4193
1752	4194
1949	4195
4269	4196
432	4197
849	4198
7007	4199
5085	4200
8999	4201
6216	4202
8642	4203
2495	4204
8149	4205
7144	4206
5558	4207
9	4208
1088	4209
7028	4210
487	4211
8159	4212
1452	4213
1883	4214
3892	4215
1074	4216
1704	4217
2039	4218
8267	4219
6248	4220
6960	4221
7313	4222
1397	4223
7193	4224
2032	4225
5746	4226
4035	4227
146	4228
65	4229
8603	4230
6915	4231
4966	4232
8297	4233
6447	4234
5455	4235
1102	4236
731	4237
8042	4238
7908	4239
4885	4240
673	4241
373	4242
8050	4243
9233	4244
7	4245
9499	4246
5062	4247
267	4248
3588	4249
4803	4250
2162	4251
5414	4252
2098	4253
4101	4254
5798	4255
1721	4256
4300	4257
1456	4258
8791	4259
129	4260
4843	4261
278	4262
4891	4263
1552	4264
7369	4265
9280	4266
291	4267
2505	4268
1763	4269
1	4270
1709	4271
3989	4272
4044	4273
3608	4274
7617	4275
733	4276
913	4277
8070	4278
7192	4279
2019	4280
6921	4281
4875	4282
878	4283
2	4284
5127	4285
2789	4286
2915	4287
755	4288
6318	4289
1742	4290
641	4291
2	4292
920	4293
5259	4294
5916	4295
5148	4296
4411	4297
8556	4298
4413	4299
1255	4300
5233	4301
5811	4302
5181	4303
5276	4304
2328	4305
6605	4306
8935	4307
4461	4308
387	4309
2218	4310
7568	4311
2596	4312
1487	4313
1425	4314
3906	4315
3241	4316
4651	4317
4137	4318
4401	4319
4573	4320
8890	4321
5289	4322
1183	4323
6487	4324
5169	4325
277	4326
8658	4327
7109	4328
2841	4329
8367	4330
186	4331
7741	4332
4615	4333
455	4334
8572	4335
5167	4336
10	4337
8989	4338
7378	4339
9476	4340
186	4341
2403	4342
1328	4343
2981	4344
674	4345
7946	4346
7500	4347
7596	4348
1335	4349
273	4350
1260	4351
1891	4352
7778	4353
346	4354
386	4355
5128	4356
1352	4357
5815	4358
4500	4359
1879	4360
6120	4361
573	4362
2124	4363
2141	4364
7509	4365
6124	4366
299	4367
5296	4368
1234	4369
5539	4370
8593	4371
4375	4372
6044	4373
5764	4374
4969	4375
4754	4376
4511	4377
8759	4378
4108	4379
1778	4380
5743	4381
3173	4382
3470	4383
9428	4384
1220	4385
4876	4386
1409	4387
6354	4388
350	4389
8997	4390
9429	4391
3172	4392
4893	4393
626	4394
4939	4395
6414	4396
670	4397
5310	4398
5021	4399
243	4400
8669	4401
7570	4402
5333	4403
555	4404
7753	4405
5229	4406
9266	4407
4011	4408
4912	4409
8638	4410
8596	4411
1631	4412
3297	4413
7932	4414
8852	4415
8206	4416
8784	4417
1337	4418
7593	4419
6982	4420
5999	4421
3865	4422
3084	4423
2628	4424
7179	4425
362	4426
3760	4427
3885	4428
6237	4429
7941	4430
7306	4431
5569	4432
2678	4433
252	4434
5777	4435
313	4436
7228	4437
44	4438
478	4439
2070	4440
4259	4441
2660	4442
383	4443
4466	4444
4688	4445
3003	4446
9127	4447
22	4448
3911	4449
7648	4450
2692	4451
4994	4452
7608	4453
7270	4454
2865	4455
8253	4456
3737	4457
1555	4458
4871	4459
4034	4460
3484	4461
2812	4462
1247	4463
3507	4464
57	4465
5052	4466
8	4467
4589	4468
7913	4469
2313	4470
1068	4471
2894	4472
2396	4473
5262	4474
4037	4475
9105	4476
4697	4477
3442	4478
810	4479
2816	4480
6531	4481
906	4482
1151	4483
8728	4484
8406	4485
2659	4486
3789	4487
8139	4488
1464	4489
8595	4490
5017	4491
2510	4492
5150	4493
5971	4494
2058	4495
8866	4496
3808	4497
3900	4498
393	4499
2183	4500
4521	4501
2418	4502
1963	4503
3229	4504
859	4505
2094	4506
17	4507
8679	4508
6838	4509
1831	4510
4798	4511
6931	4512
6460	4513
2497	4514
6	4515
3234	4516
6234	4517
5389	4518
2794	4519
1123	4520
3307	4521
9358	4522
9345	4523
4363	4524
8842	4525
7806	4526
6812	4527
3610	4528
3503	4529
3330	4530
1302	4531
5355	4532
8004	4533
1126	4534
2250	4535
5087	4536
6874	4537
354	4538
6046	4539
8255	4540
8685	4541
4675	4542
7671	4543
1181	4544
452	4545
1435	4546
5285	4547
6999	4548
9397	4549
600	4550
2256	4551
23	4552
8146	4553
162	4554
6253	4555
3658	4556
4102	4557
8725	4558
8123	4559
1381	4560
1544	4561
244	4562
1263	4563
160	4564
450	4565
3371	4566
994	4567
8438	4568
4323	4569
5226	4570
9131	4571
4436	4572
1013	4573
4039	4574
7006	4575
4516	4576
41	4577
6434	4578
1106	4579
3138	4580
6550	4581
249	4582
7887	4583
6654	4584
2280	4585
8372	4586
1427	4587
1095	4588
6811	4589
6714	4590
797	4591
7432	4592
4581	4593
1990	4594
3196	4595
7860	4596
6236	4597
7985	4598
8357	4599
1246	4600
2265	4601
4022	4602
1679	4603
2420	4604
7269	4605
1197	4606
3121	4607
4084	4608
4221	4609
2400	4610
4161	4611
1086	4612
5940	4613
39	4614
839	4615
2153	4616
7386	4617
4825	4618
3843	4619
8771	4620
3207	4621
557	4622
1152	4623
2900	4624
7209	4625
3603	4626
5695	4627
9129	4628
7979	4629
8898	4630
807	4631
6543	4632
7375	4633
1629	4634
9430	4635
4481	4636
1894	4637
23	4638
8807	4639
7272	4640
242	4641
83	4642
6907	4643
8819	4644
6372	4645
8598	4646
798	4647
56	4648
5088	4649
8167	4650
5920	4651
5926	4652
1362	4653
8202	4654
6988	4655
4645	4656
8506	4657
5037	4658
5609	4659
7465	4660
4409	4661
215	4662
5511	4663
5264	4664
5635	4665
7691	4666
3707	4667
6553	4668
8990	4669
7638	4670
3155	4671
2302	4672
1714	4673
840	4674
617	4675
5703	4676
475	4677
1082	4678
6683	4679
5685	4680
3189	4681
3711	4682
8886	4683
2801	4684
3842	4685
5301	4686
2856	4687
594	4688
3471	4689
1025	4690
5215	4691
8464	4692
2422	4693
4505	4694
5	4695
3385	4696
9308	4697
9082	4698
4920	4699
286	4700
293	4701
2462	4702
1372	4703
9132	4704
1648	4705
2512	4706
4695	4707
5487	4708
5775	4709
3909	4710
5121	4711
201	4712
1202	4713
2123	4714
8592	4715
2973	4716
7988	4717
234	4718
7987	4719
398	4720
6006	4721
6926	4722
9553	4723
7923	4724
1584	4725
9543	4726
2584	4727
5851	4728
7240	4729
5791	4730
7177	4731
7705	4732
3034	4733
2460	4734
6940	4735
9065	4736
2477	4737
8141	4738
8011	4739
289	4740
6406	4741
145	4742
3110	4743
8018	4744
9089	4745
4708	4746
4955	4747
11	4748
3180	4749
4152	4750
5663	4751
8641	4752
4209	4753
5867	4754
4738	4755
7068	4756
8455	4757
84	4758
369	4759
9175	4760
32	4761
1405	4762
8400	4763
8081	4764
6902	4765
895	4766
272	4767
7647	4768
1510	4769
528	4770
2440	4771
43	4772
7041	4773
2606	4774
970	4775
8235	4776
3874	4777
2350	4778
2360	4779
2476	4780
349	4781
8168	4782
266	4783
690	4784
73	4785
1389	4786
1880	4787
5638	4788
1926	4789
8293	4790
161	4791
6137	4792
7857	4793
8551	4794
383	4795
3940	4796
4510	4797
8031	4798
5270	4799
6956	4800
2104	4801
9465	4802
9369	4803
1130	4804
2054	4805
7522	4806
6809	4807
4028	4808
7095	4809
5748	4810
6949	4811
7583	4812
4188	4813
2085	4814
5827	4815
7436	4816
6862	4817
6412	4818
5104	4819
264	4820
6209	4821
4880	4822
8121	4823
7391	4824
21	4825
9518	4826
5071	4827
1991	4828
6610	4829
8109	4830
8549	4831
2246	4832
3771	4833
2633	4834
3342	4835
4155	4836
6727	4837
4315	4838
9043	4839
3420	4840
8531	4841
6430	4842
4012	4843
1728	4844
5265	4845
1687	4846
5254	4847
1559	4848
3116	4849
6474	4850
2943	4851
2185	4852
5935	4853
62	4854
8482	4855
7429	4856
7062	4857
6108	4858
4372	4859
2945	4860
7014	4861
6232	4862
4572	4863
4025	4864
852	4865
3780	4866
3201	4867
7003	4868
7106	4869
1253	4870
9156	4871
7372	4872
5731	4873
2236	4874
6864	4875
8459	4876
197	4877
7030	4878
7535	4879
3498	4880
8542	4881
9408	4882
1388	4883
133	4884
9376	4885
5185	4886
6840	4887
927	4888
1020	4889
6214	4890
1853	4891
8888	4892
5462	4893
3626	4894
4991	4895
9521	4896
213	4897
1029	4898
7513	4899
5905	4900
184	4901
358	4902
1960	4903
8599	4904
6583	4905
6439	4906
4979	4907
8628	4908
8428	4909
9103	4910
1107	4911
6065	4912
8706	4913
9339	4914
1736	4915
1670	4916
3237	4917
8433	4918
3727	4919
2068	4920
4720	4921
6682	4922
101	4923
4956	4924
20	4925
2047	4926
5957	4927
6562	4928
3752	4929
8211	4930
9367	4931
76	4932
2840	4933
2603	4934
6397	4935
5428	4936
9087	4937
6998	4938
173	4939
2320	4940
5268	4941
3191	4942
6560	4943
2564	4944
3157	4945
1626	4946
1955	4947
1566	4948
7452	4949
7088	4950
1996	4951
2453	4952
2640	4953
9373	4954
5566	4955
515	4956
7606	4957
2593	4958
505	4959
9200	4960
5282	4961
6385	4962
1694	4963
2222	4964
1822	4965
6486	4966
5371	4967
9378	4968
164	4969
1278	4970
1511	4971
1264	4972
5231	4973
6997	4974
8775	4975
6691	4976
6212	4977
5135	4978
8364	4979
8584	4980
1184	4981
2449	4982
1875	4983
5924	4984
5573	4985
220	4986
563	4987
6628	4988
5549	4989
5067	4990
9450	4991
3164	4992
6496	4993
1458	4994
278	4995
249	4996
56	4997
8617	4998
9144	4999
45	5000
2708	5001
7668	5002
7800	5003
2934	5004
3085	5005
4192	5006
1707	5007
8967	5008
3645	5009
7493	5010
5939	5011
1478	5012
468	5013
15	5014
934	5015
4652	5016
3637	5017
7189	5018
7727	5019
3303	5020
3975	5021
2901	5022
3690	5023
5236	5024
44	5025
3042	5026
4429	5027
6981	5028
6264	5029
4337	5030
1127	5031
4240	5032
1053	5033
4164	5034
3904	5035
1945	5036
1450	5037
2016	5038
4193	5039
7696	5040
6941	5041
7136	5042
7278	5043
8809	5044
9173	5045
7498	5046
890	5047
5190	5048
7511	5049
6392	5050
1275	5051
6010	5052
8738	5053
8891	5054
2842	5055
2615	5056
7013	5057
5075	5058
5725	5059
5100	5060
1347	5061
7998	5062
9519	5063
1663	5064
9453	5065
5733	5066
36	5067
7098	5068
4749	5069
6587	5070
163	5071
1421	5072
5959	5073
5565	5074
4974	5075
6131	5076
4352	5077
270	5078
7353	5079
4329	5080
6608	5081
5642	5082
2303	5083
826	5084
8662	5085
4685	5086
4865	5087
69	5088
3714	5089
3740	5090
8174	5091
989	5092
5357	5093
274	5094
9273	5095
3418	5096
2748	5097
8302	5098
4962	5099
330	5100
6304	5101
1269	5102
7519	5103
6620	5104
1543	5105
4753	5106
8740	5107
202	5108
786	5109
181	5110
9527	5111
6088	5112
4659	5113
5425	5114
2555	5115
8912	5116
1024	5117
5432	5118
3452	5119
3490	5120
5896	5121
4215	5122
4936	5123
4784	5124
6822	5125
8059	5126
2338	5127
5796	5128
4438	5129
1801	5130
6369	5131
9330	5132
5515	5133
8785	5134
108	5135
9086	5136
8343	5137
7577	5138
6987	5139
2951	5140
2864	5141
377	5142
5103	5143
5109	5144
12	5145
1322	5146
6928	5147
2004	5148
365	5149
8607	5150
8195	5151
5356	5152
8871	5153
2167	5154
5543	5155
1091	5156
4403	5157
740	5158
9289	5159
4892	5160
8224	5161
3704	5162
2201	5163
5332	5164
8238	5165
9478	5166
4863	5167
3036	5168
3897	5169
8731	5170
7600	5171
5606	5172
5341	5173
3350	5174
1254	5175
881	5176
350	5177
6773	5178
231	5179
769	5180
4727	5181
7282	5182
2499	5183
9375	5184
6832	5185
8557	5186
2699	5187
2209	5188
2956	5189
4576	5190
5577	5191
5633	5192
7485	5193
2216	5194
3300	5195
6662	5196
1230	5197
7035	5198
436	5199
1921	5200
2829	5201
2814	5202
1035	5203
7607	5204
1453	5205
9516	5206
2379	5207
2895	5208
8268	5209
4740	5210
9023	5211
3338	5212
81	5213
2601	5214
5274	5215
4666	5216
1878	5217
9535	5218
6269	5219
3285	5220
8468	5221
1312	5222
6293	5223
6796	5224
6570	5225
244	5226
9418	5227
7057	5228
608	5229
2572	5230
7461	5231
4964	5232
612	5233
781	5234
5431	5235
4270	5236
8582	5237
7943	5238
1659	5239
586	5240
8555	5241
94	5242
4722	5243
353	5244
4768	5245
465	5246
325	5247
5564	5248
568	5249
2600	5250
7614	5251
9212	5252
6557	5253
9251	5254
1218	5255
1472	5256
7161	5257
1772	5258
190	5259
9188	5260
8218	5261
552	5262
3578	5263
8723	5264
2579	5265
2933	5266
1998	5267
3153	5268
7439	5269
4541	5270
6964	5271
2463	5272
7102	5273
6986	5274
9533	5275
5344	5276
6173	5277
4423	5278
199	5279
7881	5280
6803	5281
227	5282
8395	5283
636	5284
9343	5285
4284	5286
8517	5287
521	5288
5928	5289
1142	5290
1905	5291
9063	5292
2551	5293
2459	5294
7581	5295
9319	5296
3273	5297
7258	5298
3748	5299
2688	5300
1971	5301
5653	5302
7331	5303
5124	5304
1678	5305
7170	5306
1023	5307
4041	5308
787	5309
6814	5310
1824	5311
2451	5312
2876	5313
2588	5314
3165	5315
1677	5316
7317	5317
6032	5318
9068	5319
1245	5320
7466	5321
7355	5322
7844	5323
6606	5324
817	5325
159	5326
8108	5327
3223	5328
5716	5329
219	5330
4954	5331
530	5332
7454	5333
6892	5334
1819	5335
5065	5336
7497	5337
649	5338
9532	5339
4169	5340
4932	5341
5530	5342
4055	5343
3625	5344
7894	5345
2366	5346
67	5347
4032	5348
124	5349
8813	5350
5562	5351
1115	5352
330	5353
4830	5354
342	5355
1113	5356
7410	5357
5828	5358
5840	5359
170	5360
111	5361
3279	5362
585	5363
5868	5364
3933	5365
493	5366
3941	5367
2454	5368
8873	5369
9452	5370
5887	5371
7878	5372
5759	5373
2232	5374
7347	5375
3596	5376
3130	5377
6721	5378
1787	5379
6047	5380
2905	5381
4731	5382
7854	5383
258	5384
4371	5385
95	5386
188	5387
9258	5388
290	5389
6326	5390
6564	5391
5105	5392
3425	5393
860	5394
6210	5395
8313	5396
2639	5397
6824	5398
5974	5399
3567	5400
5574	5401
4676	5402
4468	5403
3758	5404
3688	5405
130	5406
2866	5407
5717	5408
6170	5409
6490	5410
357	5411
7731	5412
5553	5413
3504	5414
4797	5415
3964	5416
8484	5417
3774	5418
146	5419
7038	5420
4837	5421
488	5422
8652	5423
6333	5424
3898	5425
4254	5426
1627	5427
8283	5428
4312	5429
7212	5430
884	5431
2023	5432
4882	5433
7168	5434
3944	5435
3921	5436
3336	5437
8937	5438
2174	5439
7178	5440
4522	5441
2609	5442
9393	5443
9091	5444
1373	5445
1399	5446
7425	5447
5519	5448
9021	5449
2979	5450
3217	5451
3629	5452
9022	5453
9054	5454
357	5455
2980	5456
7912	5457
2925	5458
4728	5459
7937	5460
3848	5461
6036	5462
1936	5463
3655	5464
6172	5465
3510	5466
2716	5467
7214	5468
8356	5469
3475	5470
8657	5471
8132	5472
8553	5473
2854	5474
3242	5475
6500	5476
2860	5477
5761	5478
3938	5479
5655	5480
2821	5481
4517	5482
643	5483
529	5484
7984	5485
1386	5486
1455	5487
1639	5488
5141	5489
828	5490
6145	5491
8310	5492
7069	5493
7172	5494
7438	5495
5361	5496
158	5497
743	5498
705	5499
6706	5500
5929	5501
7226	5502
7734	5503
3400	5504
6538	5505
2898	5506
7039	5507
8511	5508
8619	5509
2235	5510
2730	5511
8861	5512
2263	5513
7019	5514
4210	5515
6004	5516
2720	5517
7707	5518
7119	5519
5123	5520
6877	5521
5118	5522
97	5523
5906	5524
9008	5525
7043	5526
15	5527
3190	5528
4080	5529
347	5530
1201	5531
7758	5532
4353	5533
4947	5534
7202	5535
5354	5536
5358	5537
7777	5538
9323	5539
764	5540
3947	5541
53	5542
2390	5543
2662	5544
6746	5545
6275	5546
2127	5547
1658	5548
7675	5549
8758	5550
5173	5551
2107	5552
4930	5553
5660	5554
3665	5555
4002	5556
5994	5557
3869	5558
7880	5559
2690	5560
1238	5561
6932	5562
2214	5563
284	5564
45	5565
3918	5566
5349	5567
5917	5568
7402	5569
9368	5570
9249	5571
8744	5572
914	5573
2622	5574
134	5575
9502	5576
5183	5577
2553	5578
4381	5579
893	5580
1835	5581
5177	5582
8389	5583
4821	5584
3616	5585
5316	5586
8879	5587
8524	5588
3346	5589
9186	5590
4166	5591
3170	5592
5078	5593
7586	5594
8742	5595
3872	5596
7783	5597
3439	5598
3545	5599
5251	5600
9143	5601
4618	5602
7242	5603
2715	5604
8489	5605
3891	5606
1175	5607
7230	5608
8790	5609
6265	5610
2073	5611
4595	5612
5060	5613
279	5614
1363	5615
8651	5616
3066	5617
1171	5618
642	5619
3642	5620
3784	5621
1862	5622
6268	5623
3181	5624
2839	5625
1545	5626
3209	5627
310	5628
8899	5629
5335	5630
6252	5631
8708	5632
5866	5633
7628	5634
5599	5635
7621	5636
7215	5637
9228	5638
5942	5639
5762	5640
2887	5641
5857	5642
2416	5643
2874	5644
6030	5645
6098	5646
1114	5647
2647	5648
2643	5649
819	5650
6191	5651
5218	5652
5997	5653
680	5654
3039	5655
7337	5656
2574	5657
94	5658
580	5659
5781	5660
6794	5661
194	5662
3692	5663
6525	5664
6459	5665
1098	5666
5542	5667
4773	5668
4076	5669
243	5670
3880	5671
7328	5672
7301	5673
7547	5674
7326	5675
8946	5676
3154	5677
1601	5678
8119	5679
9503	5680
3855	5681
2079	5682
6603	5683
2653	5684
33	5685
527	5686
7562	5687
5445	5688
4783	5689
3117	5690
9542	5691
1076	5692
1297	5693
3135	5694
3142	5695
6301	5696
4935	5697
14	5698
5225	5699
2528	5700
2491	5701
98	5702
3169	5703
2017	5704
8672	5705
7446	5706
4200	5707
184	5708
320	5709
2780	5710
6093	5711
8682	5712
3056	5713
4609	5714
248	5715
3768	5716
1635	5717
3925	5718
7137	5719
838	5720
813	5721
110	5722
389	5723
2913	5724
4619	5725
4045	5726
2706	5727
7744	5728
4942	5729
2526	5730
4613	5731
8124	5732
280	5733
4944	5734
118	5735
2705	5736
1233	5737
7896	5738
3038	5739
7232	5740
1680	5741
4684	5742
734	5743
8448	5744
382	5745
7598	5746
7732	5747
7588	5748
1491	5749
4396	5750
4418	5751
3344	5752
8777	5753
4963	5754
4282	5755
4444	5756
6951	5757
7729	5758
5523	5759
32	5760
1515	5761
7305	5762
3266	5763
9364	5764
4244	5765
7503	5766
2897	5767
5870	5768
9395	5769
8975	5770
394	5771
4756	5772
5982	5773
8969	5774
9286	5775
5708	5776
229	5777
447	5778
272	5779
2048	5780
1457	5781
3580	5782
6853	5783
9493	5784
5925	5785
2613	5786
1454	5787
2800	5788
8074	5789
9026	5790
2893	5791
6692	5792
8828	5793
9278	5794
95	5795
331	5796
4716	5797
8333	5798
4775	5799
4232	5800
9181	5801
6057	5802
7730	5803
2733	5804
5257	5805
2469	5806
692	5807
1859	5808
431	5809
5819	5810
63	5811
118	5812
4132	5813
3871	5814
4211	5815
6233	5816
421	5817
3524	5818
8111	5819
8133	5820
507	5821
6756	5822
9047	5823
6536	5824
1199	5825
5004	5826
4230	5827
3176	5828
6759	5829
3370	5830
9402	5831
7392	5832
7767	5833
4133	5834
376	5835
5760	5836
8689	5837
8207	5838
4053	5839
5895	5840
217	5841
4769	5842
1609	5843
7886	5844
2176	5845
7374	5846
2394	5847
7609	5848
9102	5849
5168	5850
656	5851
5834	5852
2361	5853
137	5854
3150	5855
4967	5856
344	5857
4585	5858
6567	5859
2963	5860
1843	5861
8977	5862
8998	5863
8177	5864
823	5865
9126	5866
6993	5867
203	5868
6280	5869
3698	5870
4712	5871
5533	5872
2038	5873
3464	5874
1766	5875
2202	5876
8963	5877
2363	5878
624	5879
2598	5880
1528	5881
4087	5882
7652	5883
169	5884
2573	5885
5890	5886
483	5887
3651	5888
4957	5889
3577	5890
7717	5891
6820	5892
2825	5893
7255	5894
6957	5895
1641	5896
8466	5897
1910	5898
4234	5899
6704	5900
8301	5901
3479	5902
547	5903
3098	5904
4447	5905
7021	5906
8094	5907
6707	5908
1131	5909
356	5910
3459	5911
9530	5912
2399	5913
522	5914
5184	5915
2182	5916
990	5917
7264	5918
3924	5919
5412	5920
3268	5921
135	5922
5710	5923
3188	5924
5944	5925
6555	5926
3377	5927
2441	5928
6073	5929
610	5930
5625	5931
221	5932
269	5933
253	5934
7864	5935
372	5936
4853	5937
1116	5938
2397	5939
3492	5940
6592	5941
9292	5942
2092	5943
417	5944
3482	5945
5227	5946
8496	5947
335	5948
3647	5949
2190	5950
3390	5951
4430	5952
6519	5953
3397	5954
8726	5955
179	5956
9481	5957
1133	5958
7451	5959
7450	5960
2729	5961
7010	5962
457	5963
6672	5964
6876	5965
4267	5966
2245	5967
6488	5968
2433	5969
9415	5970
5580	5971
6963	5972
4909	5973
6696	5974
8547	5975
8508	5976
8291	5977
3129	5978
1119	5979
464	5980
1203	5981
3554	5982
319	5983
316	5984
8534	5985
929	5986
8715	5987
8562	5988
6551	5989
7650	5990
1919	5991
1643	5992
1556	5993
442	5994
6939	5995
5380	5996
71	5997
1868	5998
2269	5999
6080	6000
7074	6001
7724	6002
3791	6003
2229	6004
8800	6005
6159	6006
8125	6007
6657	6008
6906	6009
2550	6010
6586	6011
7036	6012
6051	6013
2828	6014
2770	6015
4	6016
3656	6017
2122	6018
1734	6019
7695	6020
7862	6021
102	6022
4507	6023
4580	6024
1321	6025
9322	6026
2710	6027
9056	6028
1411	6029
6063	6030
2848	6031
1807	6032
8475	6033
6900	6034
2947	6035
4598	6036
2028	6037
7666	6038
1182	6039
1412	6040
6035	6041
6768	6042
92	6043
4075	6044
3079	6045
8472	6046
3634	6047
3505	6048
6456	6049
6795	6050
474	6051
6283	6052
7584	6053
2059	6054
677	6055
309	6056
7204	6057
2052	6058
1866	6059
1062	6060
8847	6061
3993	6062
4641	6063
723	6064
3889	6065
3994	6066
5197	6067
5863	6068
967	6069
115	6070
4978	6071
592	6072
4134	6073
3067	6074
3861	6075
8407	6076
4074	6077
7602	6078
8751	6079
5154	6080
1135	6081
9214	6082
106	6083
7559	6084
3227	6085
9174	6086
219	6087
1349	6088
8826	6089
6263	6090
1780	6091
3694	6092
3351	6093
9451	6094
8115	6095
2043	6096
4442	6097
3998	6098
4327	6099
6337	6100
8287	6101
419	6102
3953	6103
4292	6104
9479	6105
7344	6106
1442	6107
7211	6108
4836	6109
8375	6110
7665	6111
6034	6112
846	6113
3915	6114
1067	6115
9242	6116
209	6117
922	6118
2371	6119
5416	6120
6554	6121
3414	6122
6352	6123
8839	6124
4179	6125
6276	6126
5584	6127
501	6128
5222	6129
511	6130
6676	6131
5076	6132
7573	6133
4426	6134
268	6135
1821	6136
304	6137
633	6138
7915	6139
5593	6140
4358	6141
6772	6142
1661	6143
7994	6144
3078	6145
4574	6146
3928	6147
1004	6148
109	6149
4674	6150
6433	6151
3523	6152
2242	6153
1625	6154
7829	6155
6110	6156
8505	6157
4835	6158
1334	6159
2982	6160
1383	6161
7824	6162
8613	6163
256	6164
4364	6165
1044	6166
5208	6167
6913	6168
1568	6169
8323	6170
1782	6171
492	6172
2768	6173
763	6174
5234	6175
8627	6176
4241	6177
6388	6178
5636	6179
333	6180
6361	6181
3120	6182
1997	6183
5426	6184
6700	6185
9318	6186
2033	6187
3899	6188
3443	6189
7973	6190
9122	6191
6453	6192
6593	6193
3094	6194
7011	6195
6028	6196
349	6197
4311	6198
9386	6199
1982	6200
883	6201
4277	6202
4308	6203
3382	6204
8925	6205
2443	6206
821	6207
8868	6208
7890	6209
8893	6210
876	6211
3849	6212
615	6213
8378	6214
7536	6215
1174	6216
6962	6217
1419	6218
7340	6219
6797	6220
7907	6221
5070	6222
9049	6223
7922	6224
6518	6225
4544	6226
8659	6227
390	6228
4985	6229
3839	6230
7135	6231
2210	6232
3334	6233
4033	6234
572	6235
960	6236
7716	6237
3807	6238
2727	6239
78	6240
7159	6241
3700	6242
7049	6243
2835	6244
8147	6245
9293	6246
7405	6247
4653	6248
262	6249
3639	6250
4185	6251
3041	6252
7412	6253
7303	6254
5393	6255
4180	6256
2227	6257
1439	6258
3609	6259
6740	6260
7354	6261
7247	6262
567	6263
8494	6264
6469	6265
9261	6266
4512	6267
5601	6268
2749	6269
5571	6270
1377	6271
4658	6272
5479	6273
9031	6274
2778	6275
8185	6276
120	6277
1431	6278
1672	6279
7341	6280
1251	6281
694	6282
80	6283
97	6284
7885	6285
175	6286
161	6287
151	6288
1374	6289
5149	6290
1640	6291
4386	6292
7455	6293
1313	6294
6471	6295
156	6296
2852	6297
2355	6298
3389	6299
1830	6300
6286	6301
5175	6302
1954	6303
6243	6304
3594	6305
1937	6306
1030	6307
9005	6308
305	6309
87	6310
3706	6311
9216	6312
1497	6313
4042	6314
5647	6315
8623	6316
3432	6317
959	6318
8741	6319
5385	6320
5934	6321
4314	6322
6440	6323
6958	6324
3531	6325
3790	6326
8702	6327
4965	6328
3877	6329
5846	6330
8164	6331
2053	6332
7748	6333
5572	6334
3166	6335
1271	6336
2515	6337
7855	6338
233	6339
7384	6340
3020	6341
8236	6342
6753	6343
5669	6344
4482	6345
7620	6346
5405	6347
5005	6348
9269	6349
3541	6350
2377	6351
6196	6352
3805	6353
5217	6354
115	6355
2015	6356
3612	6357
7162	6358
7853	6359
7975	6360
1149	6361
260	6362
329	6363
4569	6364
6506	6365
6395	6366
3672	6367
4664	6368
7428	6369
9540	6370
339	6371
4187	6372
3118	6373
394	6374
5440	6375
1165	6376
5201	6377
155	6378
6418	6379
1306	6380
1146	6381
1080	6382
78	6383
5108	6384
3587	6385
3820	6386
2847	6387
7288	6388
1011	6389
5072	6390
5228	6391
5865	6392
6100	6393
16	6394
3618	6395
2279	6396
4770	6397
1292	6398
3478	6399
7054	6400
4194	6401
9199	6402
8647	6403
8076	6404
5403	6405
1309	6406
4397	6407
6702	6408
3717	6409
7892	6410
8844	6411
3485	6412
5093	6413
373	6414
3607	6415
9472	6416
2249	6417
5962	6418
2466	6419
9321	6420
1700	6421
2307	6422
6294	6423
3232	6424
9205	6425
8750	6426
7841	6427
288	6428
7099	6429
928	6430
6324	6431
7063	6432
8612	6433
2471	6434
5441	6435
955	6436
561	6437
6497	6438
2790	6439
8780	6440
3751	6441
3320	6442
3347	6443
6415	6444
1215	6445
712	6446
5132	6447
7654	6448
7977	6449
8539	6450
8144	6451
4003	6452
3521	6453
2472	6454
627	6455
6482	6456
1153	6457
9427	6458
8025	6459
1563	6460
4400	6461
5744	6462
197	6463
301	6464
8545	6465
8895	6466
7349	6467
8234	6468
8559	6469
7527	6470
9326	6471
8329	6472
1444	6473
8875	6474
4833	6475
7927	6476
5374	6477
6367	6478
1771	6479
6321	6480
7114	6481
7424	6482
5099	6483
298	6484
321	6485
3841	6486
9084	6487
5399	6488
4497	6489
4477	6490
7187	6491
1593	6492
4160	6493
3313	6494
3611	6495
2274	6496
7801	6497
413	6498
6072	6499
4494	6500
2380	6501
7427	6502
5377	6503
1408	6504
765	6505
1565	6506
5506	6507
3006	6508
5207	6509
5089	6510
2448	6511
918	6512
3282	6513
4365	6514
4406	6515
1017	6516
3709	6517
425	6518
8317	6519
5600	6520
4	6521
2200	6522
6229	6523
1319	6524
6338	6525
7188	6526
5706	6527
3095	6528
5956	6529
2929	6530
620	6531
1415	6532
2384	6533
4709	6534
6968	6535
8681	6536
4184	6537
8041	6538
6590	6539
1553	6540
6498	6541
5561	6542
8699	6543
2344	6544
7661	6545
789	6546
8885	6547
4565	6548
619	6549
9435	6550
5787	6551
6155	6552
2882	6553
8686	6554
4493	6555
6669	6556
945	6557
3398	6558
2021	6559
9239	6560
8422	6561
8913	6562
3633	6563
178	6564
4960	6565
682	6566
7066	6567
4525	6568
1187	6569
3728	6570
8530	6571
526	6572
9464	6573
88	6574
5830	6575
5978	6576
1360	6577
2251	6578
7166	6579
4191	6580
21	6581
2061	6582
3051	6583
7919	6584
6220	6585
4703	6586
7552	6587
7952	6588
8411	6589
9202	6590
4060	6591
3552	6592
8996	6593
1621	6594
4520	6595
6651	6596
6666	6597
5721	6598
3571	6599
31	6600
1909	6601
4620	6602
6622	6603
5754	6604
985	6605
4295	6606
9546	6607
1529	6608
722	6609
4884	6610
4503	6611
9061	6612
9419	6613
1007	6614
190	6615
5126	6616
8335	6617
5059	6618
3926	6619
1438	6620
2276	6621
4887	6622
5302	6623
8	6624
4992	6625
3171	6626
5667	6627
2625	6628
581	6629
9096	6630
204	6631
6419	6632
178	6633
6186	6634
992	6635
3968	6636
889	6637
5376	6638
8008	6639
3960	6640
4540	6641
596	6642
2298	6643
4492	6644
7933	6645
738	6646
207	6647
4998	6648
6308	6649
4760	6650
6213	6651
3765	6652
6405	6653
336	6654
344	6655
8951	6656
1757	6657
7711	6658
1145	6659
4243	6660
6793	6661
8013	6662
3719	6663
99	6664
1514	6665
4062	6666
147	6667
1476	6668
1228	6669
4089	6670
1829	6671
3828	6672
5554	6673
6848	6674
7934	6675
254	6676
3163	6677
2974	6678
7047	6679
2368	6680
8614	6681
5009	6682
2832	6683
2546	6684
3620	6685
6894	6686
3949	6687
6984	6688
4256	6689
3831	6690
8869	6691
8867	6692
225	6693
2623	6694
1586	6695
4726	6696
7793	6697
75	6698
5336	6699
1522	6700
5649	6701
4405	6702
8928	6703
9506	6704
347	6705
1063	6706
4625	6707
8734	6708
5859	6709
7917	6710
4923	6711
1599	6712
9370	6713
8528	6714
5567	6715
5770	6716
4082	6717
3710	6718
4338	6719
5115	6720
8927	6721
5202	6722
5877	6723
777	6724
1318	6725
2958	6726
9074	6727
1642	6728
4984	6729
6693	6730
2557	6731
9361	6732
9151	6733
210	6734
4443	6735
6387	6736
4701	6737
7032	6738
4390	6739
4889	6740
91	6741
4778	6742
1283	6743
30	6744
8463	6745
2188	6746
3632	6747
4305	6748
4678	6749
8226	6750
4866	6751
9377	6752
3449	6753
8519	6754
6413	6755
5742	6756
236	6757
4176	6758
8244	6759
3220	6760
8194	6761
2391	6762
3650	6763
7496	6764
8594	6765
380	6766
4484	6767
832	6768
3520	6769
3106	6770
8837	6771
4260	6772
4128	6773
9139	6774
5383	6775
5632	6776
1416	6777
2165	6778
6167	6779
407	6780
1918	6781
3016	6782
4990	6783
4065	6784
2853	6785
25	6786
3450	6787
1211	6788
6679	6789
915	6790
1128	6791
240	6792
2765	6793
7274	6794
7656	6795
1475	6796
3071	6797
27	6798
1392	6799
2128	6800
288	6801
5063	6802
4095	6803
5079	6804
5512	6805
8250	6806
6523	6807
4604	6808
176	6809
8163	6810
9480	6811
4532	6812
8779	6813
3826	6814
2131	6815
2672	6816
623	6817
5186	6818
4528	6819
427	6820
6144	6821
5117	6822
9513	6823
88	6824
6817	6825
3468	6826
971	6827
8737	6828
7123	6829
3357	6830
3733	6831
117	6832
3011	6833
2266	6834
7644	6835
4439	6836
4124	6837
5852	6838
5129	6839
5641	6840
8188	6841
8022	6842
3	6843
2145	6844
6139	6845
7833	6846
5023	6847
267	6848
3887	6849
8591	6850
1666	6851
2486	6852
9407	6853
5382	6854
688	6855
8805	6856
824	6857
23	6858
2541	6859
7334	6860
8278	6861
6547	6862
3854	6863
2291	6864
1933	6865
7852	6866
3437	6867
1717	6868
4345	6869
4263	6870
7505	6871
1950	6872
216	6873
1524	6874
4181	6875
1426	6876
2722	6877
708	6878
5531	6879
1445	6880
5191	6881
7770	6882
9335	6883
167	6884
519	6885
4547	6886
6104	6887
6850	6888
8798	6889
1698	6890
75	6891
4594	6892
9475	6893
3890	6894
3919	6895
4750	6896
9404	6897
3916	6898
4665	6899
9392	6900
9035	6901
6974	6902
6112	6903
346	6904
7333	6905
8942	6906
3077	6907
6636	6908
166	6909
5581	6910
672	6911
4819	6912
8820	6913
8764	6914
4838	6915
750	6916
5046	6917
9477	6918
500	6919
3527	6920
2902	6921
6690	6922
1002	6923
2784	6924
6427	6925
2793	6926
2734	6927
997	6928
6647	6929
5758	6930
834	6931
1449	6932
3238	6933
2483	6934
61	6935
1317	6936
5682	6937
4629	6938
5137	6939
1592	6940
2591	6941
650	6942
8285	6943
7578	6944
123	6945
7826	6946
8991	6947
2223	6948
4873	6949
2030	6950
258	6951
7071	6952
7260	6953
5366	6954
6050	6955
6089	6956
783	6957
4810	6958
5696	6959
8391	6960
3317	6961
6687	6962
795	6963
499	6964
5205	6965
203	6966
2862	6967
9401	6968
7366	6969
3119	6970
206	6971
7866	6972
6936	6973
2714	6974
8298	6975
5683	6976
7780	6977
7055	6978
5909	6979
1489	6980
2036	6981
5728	6982
2423	6983
5951	6984
759	6985
1396	6986
9421	6987
4931	6988
2410	6989
2219	6990
1490	6991
91	6992
762	6993
1046	6994
3017	6995
2277	6996
322	6997
5829	6998
7219	6999
2130	7000
591	7001
5247	7002
4125	7003
7789	7004
315	7005
6718	7006
2389	7007
1097	7008
52	7009
1057	7010
7579	7011
7373	7012
187	7013
8100	7014
4394	7015
2493	7016
8288	7017
1956	7018
8970	7019
4203	7020
3101	7021
5337	7022
1265	7023
8190	7024
7834	7025
5180	7026
3659	7027
6296	7028
4945	7029
1042	7030
5705	7031
720	7032
5889	7033
5528	7034
8833	7035
3160	7036
9490	7037
845	7038
72	7039
7459	7040
8352	7041
4237	7042
2635	7043
215	7044
8611	7045
2349	7046
5116	7047
8856	7048
7504	7049
5838	7050
3540	7051
6872	7052
9327	7053
1048	7054
6887	7055
5192	7056
8789	7057
9196	7058
4901	7059
9245	7060
9494	7061
8040	7062
3573	7063
7084	7064
8130	7065
6090	7066
5948	7067
8062	7068
3870	7069
6287	7070
6142	7071
9443	7072
2312	7073
2545	7074
410	7075
8536	7076
3140	7077
556	7078
1325	7079
4470	7080
6607	7081
538	7082
7673	7083
5320	7084
7712	7085
7481	7086
6539	7087
4054	7088
7239	7089
8664	7090
5818	7091
2952	7092
338	7093
174	7094
3412	7095
8704	7096
1783	7097
3047	7098
5094	7099
811	7100
1462	7101
818	7102
1003	7103
8537	7104
1903	7105
9436	7106
3040	7107
5348	7108
5643	7109
2732	7110
6081	7111
8316	7112
8770	7113
5619	7114
1108	7115
1560	7116
6085	7117
9298	7118
4556	7119
2785	7120
8271	7121
7659	7122
6789	7123
2181	7124
9331	7125
2922	7126
7679	7127
160	7128
1172	7129
1737	7130
8644	7131
1315	7132
2155	7133
8176	7134
919	7135
8916	7136
753	7137
467	7138
7134	7139
2050	7140
2879	7141
3131	7142
5945	7143
4643	7144
2799	7145
5946	7146
7395	7147
9306	7148
2992	7149
4360	7150
6317	7151
2458	7152
888	7153
6371	7154
1205	7155
6695	7156
8567	7157
5147	7158
1600	7159
7976	7160
1865	7161
3604	7162
4639	7163
5588	7164
7217	7165
5477	7166
7965	7167
6614	7168
5673	7169
1690	7170
6119	7171
4113	7172
7995	7173
8014	7174
259	7175
5724	7176
4919	7177
9235	7178
6307	7179
6865	7180
9267	7181
5452	7182
2756	7183
437	7184
6799	7185
2248	7186
4046	7187
6477	7188
6341	7189
85	7190
7545	7191
6134	7192
1446	7193
7604	7194
1638	7195
125	7196
2341	7197
3795	7198
7750	7199
6479	7200
8676	7201
559	7202
7050	7203
7124	7204
6649	7205
8043	7206
4030	7207
2294	7208
1869	7209
9179	7210
4366	7211
7044	7212
1330	7213
2395	7214
7131	7215
2413	7216
9259	7217
2965	7218
704	7219
4216	7220
3761	7221
5602	7222
4504	7223
3296	7224
8440	7225
1938	7226
3054	7227
6783	7228
3111	7229
9463	7230
545	7231
4105	7232
770	7233
5729	7234
6208	7235
2186	7236
7939	7237
3814	7238
3203	7239
3955	7240
3775	7241
6102	7242
2904	7243
8276	7244
3075	7245
1572	7246
679	7247
3641	7248
1884	7249
8319	7250
395	7251
423	7252
1015	7253
7220	7254
3794	7255
7921	7256
4114	7257
4734	7258
8827	7259
3984	7260
3559	7261
5704	7262
1173	7263
5813	7264
7105	7265
3671	7266
508	7267
4414	7268
5794	7269
4100	7270
5381	7271
4950	7272
6751	7273
6845	7274
5604	7275
1908	7276
6849	7277
4348	7278
3253	7279
7283	7280
6545	7281
328	7282
9438	7283
2561	7284
8143	7285
8510	7286
983	7287
4399	7288
5938	7289
8380	7290
9030	7291
8423	7292
756	7293
5061	7294
6055	7295
9238	7296
8910	7297
2985	7298
8339	7299
3429	7300
5315	7301
1026	7302
1498	7303
1403	7304
1637	7305
9189	7306
5719	7307
7699	7308
8251	7309
1290	7310
8129	7311
6860	7312
3137	7313
2254	7314
2386	7315
7663	7316
6578	7317
6541	7318
3697	7319
6130	7320
366	7321
2549	7322
6599	7323
229	7324
4949	7325
4410	7326
716	7327
9016	7328
389	7329
9336	7330
2758	7331
438	7332
4761	7333
8639	7334
1270	7335
6591	7336
7	7337
3243	7338
2011	7339
5614	7340
4157	7341
2247	7342
2177	7343
3486	7344
8029	7345
1393	7346
6381	7347
216	7348
6703	7349
1768	7350
9522	7351
7689	7352
3355	7353
4451	7354
714	7355
3917	7356
2364	7357
3274	7358
7156	7359
8786	7360
6710	7361
3715	7362
9045	7363
4275	7364
7867	7365
1793	7366
322	7367
761	7368
6086	7369
1906	7370
9371	7371
374	7372
6027	7373
9405	7374
9029	7375
4471	7376
2771	7377
3070	7378
966	7379
4043	7380
6653	7381
84	7382
2906	7383
8905	7384
886	7385
1045	7386
2889	7387
1760	7388
5872	7389
7206	7390
2284	7391
4584	7392
2164	7393
6288	7394
8064	7395
5878	7396
1420	7397
2552	7398
2091	7399
7776	7400
9240	7401
204	7402
4840	7403
296	7404
6600	7405
8665	7406
98	7407
2194	7408
96	7409
9512	7410
6475	7411
4104	7412
9004	7413
3086	7414
702	7415
6975	7416
8711	7417
1726	7418
7130	7419
7713	7420
3952	7421
5287	7422
1739	7423
5792	7424
6322	7425
7148	7426
7954	7427
46	7428
5133	7429
1535	7430
4388	7431
345	7432
1324	7433
3416	7434
4563	7435
2372	7436
6202	7437
6994	7438
9041	7439
5720	7440
3363	7441
2577	7442
5489	7443
715	7444
5338	7445
5521	7446
1618	7447
7089	7448
4367	7449
6101	7450
426	7451
6056	7452
33	7453
441	7454
3530	7455
871	7456
1578	7457
1299	7458
6989	7459
5844	7460
1920	7461
2191	7462
2836	7463
9137	7464
3942	7465
3644	7466
7335	7467
5918	7468
7259	7469
9414	7470
9413	7471
5864	7472
7978	7473
2010	7474
207	7475
1526	7476
3404	7477
7087	7478
8254	7479
8151	7480
698	7481
420	7482
366	7483
4274	7484
1310	7485
4228	7486
7813	7487
8256	7488
7083	7489
1851	7490
6833	7491
8016	7492
7751	7493
4432	7494
4941	7495
7838	7496
7949	7497
7863	7498
8415	7499
6133	7500
1433	7501
6226	7502
1651	7503
8721	7504
4219	7505
640	7506
3995	7507
8358	7508
2707	7509
8548	7510
930	7511
1296	7512
315	7513
4508	7514
6448	7515
180	7516
5886	7517
1725	7518
6699	7519
6871	7520
1591	7521
9109	7522
4024	7523
7550	7524
6182	7525
5036	7526
8377	7527
8941	7528
2196	7529
110	7530
2334	7531
3168	7532
1571	7533
7807	7534
2868	7535
5814	7536
3250	7537
9094	7538
7791	7539
9117	7540
9288	7541
3973	7542
116	7543
8351	7544
3422	7545
6344	7546
3563	7547
6810	7548
3514	7549
8624	7550
2880	7551
3679	7552
7251	7553
5879	7554
1634	7555
8290	7556
2367	7557
8855	7558
2537	7559
1430	7560
2747	7561
1532	7562
3184	7563
6738	7564
7126	7565
9507	7566
8492	7567
577	7568
1806	7569
306	7570
1981	7571
3126	7572
7224	7573
7418	7574
3050	7575
7798	7576
8578	7577
5525	7578
2142	7579
7360	7580
34	7581
4107	7582
99	7583
9483	7584
54	7585
361	7586
3396	7587
5902	7588
2450	7589
1093	7590
8994	7591
1943	7592
7942	7593
5420	7594
7765	7595
2447	7596
5485	7597
7901	7598
8417	7599
1200	7600
4331	7601
635	7602
9515	7603
4672	7604
8724	7605
7456	7606
6274	7607
5401	7608
9081	7609
7143	7610
320	7611
8122	7612
8609	7613
8135	7614
5854	7615
6886	7616
5998	7617
8684	7618
6480	7619
337	7620
8860	7621
3624	7622
5187	7623
1712	7624
7811	7625
456	7626
6937	7627
101	7628
1266	7629
1781	7630
8344	7631
4850	7632
72	7633
9141	7634
4320	7635
9317	7636
7208	7637
6856	7638
4021	7639
4391	7640
6715	7641
4252	7642
8071	7643
2211	7644
8518	7645
7610	7646
5042	7647
5778	7648
208	7649
4705	7650
2062	7651
7046	7652
1985	7653
8618	7654
3392	7655
238	7656
7587	7657
6581	7658
218	7659
2097	7660
3753	7661
3081	7662
3456	7663
6394	7664
4476	7665
8186	7666
9142	7667
6421	7668
7339	7669
6	7670
4301	7671
3635	7672
4475	7673
7358	7674
8653	7675
4568	7676
8180	7677
4070	7678
3735	7679
7000	7680
7790	7681
4634	7682
3305	7683
9262	7684
566	7685
1904	7686
4982	7687
7478	7688
7241	7689
7285	7690
6680	7691
2099	7692
3830	7693
2772	7694
7315	7695
6092	7696
5364	7697
7889	7698
142	7699
957	7700
4129	7701
9171	7702
2618	7703
1390	7704
6192	7705
9359	7706
8084	7707
2252	7708
309	7709
4748	7710
7693	7711
6601	7712
9469	7713
3544	7714
1917	7715
5438	7716
8799	7717
4001	7718
5424	7719
6328	7720
1500	7721
381	7722
7641	7723
8933	7724
9349	7725
908	7726
2844	7727
2533	7728
5101	7729
1437	7730
3469	7731
3875	7732
7738	7733
6023	7734
2234	7735
6059	7736
8383	7737
228	7738
3246	7739
1675	7740
1413	7741
8835	7742
921	7743
2967	7744
1160	7745
7964	7746
6348	7747
9440	7748
4636	7749
2668	7750
7613	7751
1384	7752
7756	7753
329	7754
4632	7755
1916	7756
4859	7757
6903	7758
5325	7759
4457	7760
1999	7761
2539	7762
7462	7763
6934	7764
3539	7765
3324	7766
6863	7767
5391	7768
9042	7769
6115	7770
1060	7771
8514	7772
9034	7773
476	7774
9253	7775
134	7776
5407	7777
7499	7778
4583	7779
5680	7780
3009	7781
4336	7782
1339	7783
7025	7784
8413	7785
9211	7786
3589	7787
3193	7788
7023	7789
565	7790
7849	7791
618	7792
2511	7793
1946	7794
6075	7795
6717	7796
1192	7797
2020	7798
7368	7799
6681	7800
1796	7801
1155	7802
7803	7803
5535	7804
736	7805
5637	7806
4079	7807
485	7808
8409	7809
8486	7810
7332	7811
4136	7812
701	7813
6992	7814
4682	7815
2278	7816
2859	7817
1055	7818
3304	7819
3776	7820
8262	7821
1603	7822
7784	7823
3001	7824
1117	7825
5817	7826
3133	7827
6007	7828
9529	7829
2415	7830
1788	7831
4933	7832
5044	7833
1685	7834
7382	7835
5464	7836
8739	7837
7061	7838
5607	7839
312	7840
8843	7841
4462	7842
6729	7843
6764	7844
6362	7845
3395	7846
6722	7847
695	7848
549	7849
9256	7850
6728	7851
4325	7852
7990	7853
2387	7854
3992	7855
2616	7856
9183	7857
6404	7858
5629	7859
2146	7860
8079	7861
308	7862
847	7863
9347	7864
285	7865
7231	7866
2713	7867
1463	7868
5941	7869
2470	7870
4487	7871
8765	7872
3536	7873
6529	7874
8792	7875
6122	7876
4578	7877
3057	7878
3920	7879
8431	7880
5979	7881
1668	7882
9241	7883
2824	7884
8577	7885
1537	7886
1928	7887
6154	7888
1551	7889
6403	7890
217	7891
9448	7892
775	7893
7419	7894
6185	7895
8902	7896
8165	7897
382	7898
1370	7899
9297	7900
9055	7901
8279	7902
4737	7903
8156	7904
4845	7905
1134	7906
5003	7907
6846	7908
105	7909
6619	7910
22	7911
2518	7912
8097	7913
6924	7914
2275	7915
8427	7916
2231	7917
5125	7918
1085	7919
2159	7920
3167	7921
4038	7922
73	7923
4567	7924
27	7925
9461	7926
7632	7927
6705	7928
2753	7929
6626	7930
7818	7931
7320	7932
4335	7933
697	7934
7746	7935
8439	7936
1615	7937
3379	7938
7820	7939
7029	7940
8000	7941
331	7942
5648	7943
4560	7944
104	7945
1582	7946
9067	7947
5672	7948
1531	7949
5020	7950
691	7951
3976	7952
4790	7953
3866	7954
57	7955
7097	7956
5480	7957
7020	7958
6224	7959
4138	7960
3259	7961
3762	7962
4298	7963
246	7964
1895	7965
360	7966
7822	7967
7634	7968
646	7969
6	7970
5410	7971
858	7972
4150	7973
3208	7974
9274	7975
1632	7976
4736	7977
5671	7978
991	7979
6431	7980
4824	7981
3049	7982
1886	7983
1705	7984
2583	7985
903	7986
8568	7987
5783	7988
3212	7989
803	7990
8039	7991
1364	7992
2179	7993
5363	7994
6835	7995
2158	7996
116	7997
7739	7998
9454	7999
3773	8000
1860	8001
6008	8002
5579	8003
2381	8004
1972	8005
532	8006
2527	8007
5277	8008
5195	8009
8325	8010
3590	8011
2826	8012
5711	8013
8005	8014
371	8015
3930	8016
6909	8017
6136	8018
1162	8019
8340	8020
5427	8021
5618	8022
6310	8023
8654	8024
8260	8025
575	8026
202	8027
6836	8028
6193	8029
8952	8030
6060	8031
5674	8032
6138	8033
7158	8034
684	8035
5339	8036
6661	8037
7898	8038
9534	8039
8650	8040
4983	8041
6058	8042
7348	8043
5402	8044
4387	8045
4359	8046
3380	8047
8840	8048
6420	8049
5303	8050
7884	8051
7974	8052
3566	8053
1692	8054
8096	8055
8312	8056
6613	8057
239	8058
3654	8059
4752	8060
1706	8061
48	8062
2763	8063
6767	8064
11	8065
3939	8066
4201	8067
3430	8068
8083	8069
3516	8070
2045	8071
6455	8072
5713	8073
1965	8074
1180	8075
8052	8076
5516	8077
6135	8078
6624	8079
1212	8080
3030	8081
4111	8082
8368	8083
2834	8084
6373	8085
7664	8086
4526	8087
9290	8088
7516	8089
1483	8090
128	8091
8116	8092
3602	8093
2997	8094
1	8095
4702	8096
3144	8097
4066	8098
3033	8099
3271	8100
1378	8101
5379	8102
1103	8103
1893	8104
3251	8105
7925	8106
3905	8107
2566	8108
5858	8109
8587	8110
5001	8111
2746	8112
9168	8113
286	8114
4724	8115
8880	8116
6668	8117
135	8118
6458	8119
7649	8120
3283	8121
2352	8122
8051	8123
8558	8124
3913	8125
8105	8126
5908	8127
6736	8128
3123	8129
1696	8130
4495	8131
8327	8132
6726	8133
9098	8134
1250	8135
8824	8136
8385	8137
2617	8138
7252	8139
6859	8140
2148	8141
4389	8142
3937	8143
2679	8144
5881	8145
8030	8146
7766	8147
283	8148
885	8149
9036	8150
2267	8151
4943	8152
5272	8153
1190	8154
4524	8155
7033	8156
8002	8157
8774	8158
6777	8159
8103	8160
1939	8161
7197	8162
652	8163
7795	8164
6022	8165
5237	8166
5493	8167
3287	8168
3124	8169
2398	8170
1935	8171
9027	8172
459	8173
11	8174
2815	8175
8755	8176
8762	8177
391	8178
230	8179
5964	8180
4016	8181
4007	8182
7171	8183
6650	8184
4743	8185
6677	8186
314	8187
24	8188
3969	8189
2984	8190
4431	8191
6365	8192
4117	8193
3100	8194
4822	8195
1983	8196
8246	8197
50	8198
2602	8199
6969	8200
2301	8201
8369	8202
8585	8203
261	8204
5327	8205
7554	8206
6467	8207
651	8208
9342	8209
4699	8210
2536	8211
2970	8212
4330	8213
4251	8214
5640	8215
2989	8216
5883	8217
4961	8218
8570	8219
6468	8220
7888	8221
4514	8222
6888	8223
5700	8224
2837	8225
6259	8226
6868	8227
2682	8228
2138	8229
270	8230
3959	8231
1885	8232
9058	8233
7817	8234
6117	8235
5876	8236
7532	8237
8028	8238
247	8239
2781	8240
6734	8241
1789	8242
3681	8243
5797	8244
2654	8245
9090	8246
6235	8247
7092	8248
2002	8249
6712	8250
4621	8251
5199	8252
6659	8253
7723	8254
2928	8255
9012	8256
8227	8257
200	8258
6716	8259
182	8260
1649	8261
8697	8262
5232	8263
151	8264
4758	8265
4091	8266
4472	8267
1513	8268
8048	8269
3738	8270
7174	8271
1929	8272
372	8273
5267	8274
7275	8275
4735	8276
1597	8277
5387	8278
13	8279
5468	8280
2029	8281
6858	8282
1	8283
131	8284
1380	8285
5365	8286
2949	8287
7715	8288
4499	8289
1907	8290
5805	8291
4649	8292
7947	8293
5586	8294
1774	8295
3767	8296
9353	8297
2562	8298
5002	8299
542	8300
822	8301
4587	8302
1448	8303
5812	8304
4158	8305
4467	8306
3403	8307
4842	8308
7090	8309
7276	8310
7747	8311
6449	8312
6770	8313
2005	8314
4745	8315
5739	8316
7120	8317
251	8318
4131	8319
949	8320
9299	8321
2401	8322
3149	8323
5540	8324
5453	8325
143	8326
3298	8327
6343	8328
6925	8329
4918	8330
4647	8331
2132	8332
3276	8333
7127	8334
1673	8335
2910	8336
3929	8337
2805	8338
7981	8339
3239	8340
2282	8341
4119	8342
6184	8343
1471	8344
4586	8345
9002	8346
4762	8347
3534	8348
5261	8349
7558	8350
7413	8351
8272	8352
553	8353
3914	8354
3824	8355
7167	8356
5958	8357
4667	8358
2220	8359
1070	8360
7515	8361
1970	8362
2698	8363
9070	8364
7262	8365
5657	8366
7893	8367
8911	8368
9110	8369
6422	8370
7539	8371
523	8372
8331	8373
7616	8374
283	8375
3822	8376
103	8377
1326	8378
6730	8379
1267	8380
1094	8381
364	8382
3506	8383
4212	8384
9158	8385
664	8386
7560	8387
4805	8388
4812	8389
9282	8390
550	8391
4858	8392
8324	8393
4370	8394
384	8395
5164	8396
3835	8397
6688	8398
1581	8399
7342	8400
7507	8401
5281	8402
3757	8403
5820	8404
8730	8405
2109	8406
1825	8407
3801	8408
3853	8409
7082	8410
142	8411
1158	8412
7686	8413
8781	8414
4317	8415
4654	8416
6053	8417
2136	8418
9272	8419
5163	8420
621	8421
2731	8422
35	8423
6169	8424
4440	8425
6920	8426
7736	8427
5138	8428
6841	8429
8924	8430
1323	8431
4225	8432
8687	8433
4928	8434
582	8435
6445	8436
6218	8437
1754	8438
574	8439
8148	8440
8024	8441
4800	8442
2144	8443
6942	8444
5722	8445
7139	8446
3088	8447
9178	8448
8239	8449
6548	8450
5346	8451
3323	8452
112	8453
1973	8454
3472	8455
8783	8456
6870	8457
4262	8458
1656	8459
2203	8460
1308	8461
5756	8462
8626	8463
3159	8464
1140	8465
7064	8466
5283	8467
5773	8468
3258	8469
1289	8470
9236	8471
7526	8472
6443	8473
3093	8474
3686	8475
6516	8476
6441	8477
8523	8478
2354	8479
8067	8480
313	8481
3256	8482
2317	8483
4384	8484
9279	8485
7076	8486
3224	8487
6990	8488
5340	8489
183	8490
3661	8491
5559	8492
327	8493
2762	8494
399	8495
848	8496
9470	8497
2932	8498
4496	8499
77	8500
2412	8501
9204	8502
2077	8503
2446	8504
7643	8505
7371	8506
2264	8507
8138	8508
7300	8509
351	8510
317	8511
8716	8512
5114	8513
579	8514
2206	8515
2742	8516
5651	8517
1944	8518
4261	8519
189	8520
9329	8521
4280	8522
7905	8523
311	8524
5140	8525
4019	8526
7411	8527
576	8528
1284	8529
2803	8530
7733	8531
3799	8532
295	8533
2087	8534
1969	8535
29	8536
6632	8537
2195	8538
2189	8539
5656	8540
2988	8541
1779	8542
4146	8543
3476	8544
4182	8545
9154	8546
8069	8547
1207	8548
1104	8549
3742	8550
7441	8551
9498	8552
4650	8553
5552	8554
5596	8555
9052	8556
131	8557
5448	8558
8217	8559
5170	8560
6015	8561
8366	8562
4306	8563
726	8564
9024	8565
1481	8566
3162	8567
2485	8568
3023	8569
112	8570
2503	8571
6775	8572
6087	8573
5692	8574
3649	8575
2857	8576
1371	8577
513	8578
8822	8579
8241	8580
2846	8581
5690	8582
4266	8583
4148	8584
5960	8585
2489	8586
3494	8587
2408	8588
7045	8589
3701	8590
6670	8591
377	8592
5304	8593
79	8594
7364	8595
8057	8596
496	8597
8525	8598
3857	8599
5290	8600
1620	8601
6143	8602
6466	8603
4627	8604
2326	8605
7599	8606
4788	8607
1889	8608
644	8609
7737	8610
8035	8611
7417	8612
6568	8613
4746	8614
460	8615
3406	8616
1508	8617
7325	8618
8957	8619
7318	8620
3391	8621
7835	8622
5413	8623
222	8624
7764	8625
7836	8626
7200	8627
6671	8628
9410	8629
1379	8630
3143	8631
2686	8632
8870	8633
3108	8634
3796	8635
172	8636
8173	8637
1797	8638
235	8639
2306	8640
5244	8641
4807	8642
34	8643
6116	8644
1764	8645
8884	8646
2456	8647
7842	8648
1499	8649
4548	8650
9220	8651
2260	8652
8803	8653
9176	8654
2540	8655
6503	8656
7605	8657
4313	8658
7397	8659
7674	8660
815	8661
7409	8662
1090	8663
1118	8664
7529	8665
768	8666
3280	8667
5518	8668
2217	8669
5171	8670
7112	8671
6332	8672
364	8673
2166	8674
8172	8675
598	8676
3132	8677
2709	8678
7406	8679
2430	8680
3560	8681
7809	8682
2645	8683
5111	8684
1376	8685
2230	8686
1798	8687
4599	8688
1941	8689
588	8690
1855	8691
253	8692
6401	8693
8675	8694
6774	8695
2972	8696
7031	8697
2777	8698
8266	8699
9092	8700
4696	8701
4488	8702
3943	8703
5249	8704
93	8705
7688	8706
8714	8707
8579	8708
5342	8709
7589	8710
6242	8711
4319	8712
851	8713
855	8714
1792	8715
8208	8716
8940	8717
8445	8718
5954	8719
8307	8720
9284	8721
8735	8722
2295	8723
6103	8724
375	8725
1432	8726
7040	8727
9382	8728
392	8729
361	8730
8353	8731
6045	8732
8906	8733
2986	8734
2739	8735
8	8736
1125	8737
7721	8738
6776	8739
2773	8740
7444	8741
3122	8742
7280	8743
119	8744
1575	8745
2585	8746
6861	8747
6629	8748
2760	8749
105	8750
5378	8751
778	8752
4229	8753
8495	8754
1720	8755
8606	8756
8192	8757
7383	8758
7290	8759
8075	8760
8923	8761
5621	8762
8200	8763
5987	8764
5968	8765
4361	8766
359	8767
1276	8768
2806	8769
8107	8770
4220	8771
3384	8772
2308	8773
6363	8774
2035	8775
22	8776
4242	8777
7075	8778
6778	8779
4385	8780
4253	8781
6638	8782
104	8783
2287	8784
3591	8785
1840	8786
4109	8787
1262	8788
1646	8789
7122	8790
4040	8791
8968	8792
396	8793
3550	8794
236	8795
2037	8796
794	8797
4395	8798
3569	8799
7709	8800
5350	8801
5922	8802
2255	8803
3312	8804
6604	8805
1111	8806
7569	8807
8995	8808
4924	8809
7944	8810
1300	8811
7108	8812
9399	8813
6576	8814
3002	8815
7132	8816
7792	8817
7434	8818
3192	8819
8829	8820
2	8821
324	8822
5305	8823
1776	8824
6306	8825
2393	8826
4172	8827
2620	8828
8709	8829
3218	8830
1033	8831
8727	8832
180	8833
6019	8834
7153	8835
1633	8836
3893	8837
6976	8838
7267	8839
5933	8840
6948	8841
6641	8842
7198	8843
1051	8844
168	8845
6910	8846
5785	8847
2665	8848
7754	8849
7037	8850
4791	8851
5031	8852
6325	8853
6511	8854
8154	8855
506	8856
5049	8857
9341	8858
4704	8859
3631	8860
1896	8861
1619	8862
8753	8863
3383	8864
2171	8865
1523	8866
8421	8867
5615	8868
1836	8869
2567	8870
2117	8871
5266	8872
7683	8873
8420	8874
3158	8875
8983	8876
6893	8877
4064	8878
7146	8879
5179	8880
126	8881
7848	8882
8887	8883
5309	8884
4809	8885
2721	8886
2861	8887
3859	8888
5242	8889
3314	8890
39	8891
3293	8892
3460	8893
4307	8894
247	8895
9003	8896
6048	8897
5799	8898
4427	8899
1925	8900
6393	8901
1576	8902
9118	8903
655	8904
1818	8905
8993	8906
5110	8907
1064	8908
4940	8909
5095	8910
8939	8911
2268	8912
5077	8913
3254	8914
1730	8915
1671	8916
4529	8917
6267	8918
6039	8919
558	8920
3863	8921
2651	8922
150	8923
7379	8924
2240	8925
9549	8926
5953	8927
8361	8928
8300	8929
8318	8930
3230	8931
1099	8932
4424	8933
8461	8934
7018	8935
9277	8936
8481	8937
7286	8938
7085	8939
9136	8940
3186	8941
4116	8942
3718	8943
3402	8944
5835	8945
1136	8946
5608	8947
55	8948
5476	8949
7669	8950
4610	8951
5875	8952
334	8953
8137	8954
725	8955
414	8956
5766	8957
5697	8958
1249	8959
1414	8960
4808	8961
275	8962
9159	8963
5784	8964
5583	8965
603	8966
1820	8967
192	8968
9459	8969
8746	8970
3451	8971
8426	8972
3255	8973
6950	8974
5096	8975
7920	8976
7222	8977
7293	8978
8416	8979
6489	8980
8322	8981
3770	8982
8788	8983
8110	8984
5898	8985
4355	8986
8231	8987
9311	8988
1166	8989
766	8990
6640	8991
8877	8992
8402	8993
6249	8994
2807	8995
8522	8996
1842	8997
6808	8998
4008	8999
4900	9000
8306	9001
49	9002
42	9003
2513	9004
2792	9005
2797	9006
5524	9007
7399	9008
632	9009
5849	9010
3965	9011
1261	9012
6014	9013
6685	9014
1602	9015
5892	9016
4342	9017
9389	9018
6837	9019
1547	9020
2664	9021
5687	9022
9163	9023
433	9024
5490	9025
1667	9026
4714	9027
5025	9028
3497	9029
6251	9030
2750	9031
6260	9032
3687	9033
8992	9034
7512	9035
6646	9036
5520	9037
5947	9038
2221	9039
1724	9040
5189	9041
8712	9042
717	9043
595	9044
2649	9045
8430	9046
5590	9047
4374	9048
1291	9049
7004	9050
8985	9051
7708	9052
8332	9053
3756	9054
2140	9055
6517	9056
6180	9057
7	9058
9275	9059
4638	9060
1993	9061
6815	9062
5248	9063
4952	9064
379	9065
9033	9066
976	9067
7309	9068
93	9069
3663	9070
6635	9071
6256	9072
8243	9073
363	9074
9099	9075
8602	9076
2049	9077
6754	9078
4895	9079
4283	9080
5258	9081
4854	9082
2160	9083
7203	9084
965	9085
2383	9086
8269	9087
709	9088
3766	9089
3295	9090
77	9091
9455	9092
3600	9093
5047	9094
117	9095
5084	9096
3311	9097
85	9098
7685	9099
5459	9100
7914	9101
7229	9102
7414	9103
3526	9104
6766	9105
5816	9106
7797	9107
1799	9108
4602	9109
1911	9110
9032	9111
7639	9112
3724	9113
2304	9114
7437	9115
3867	9116
2496	9117
4421	9118
4142	9119
4689	9120
6908	9121
8984	9122
3670	9123
8655	9124
9547	9125
9138	9126
6493	9127
6016	9128
892	9129
8037	9130
8586	9131
2008	9132
1241	9133
8717	9134
9383	9135
5469	9136
5144	9137
1681	9138
8498	9139
4669	9140
3421	9141
8605	9142
8178	9143
681	9144
6953	9145
3823	9146
1208	9147
8210	9148
4813	9149
418	9150
4097	9151
6535	9152
1525	9153
6800	9154
1177	9155
8212	9156
89	9157
887	9158
1021	9159
7786	9160
4527	9161
2788	9162
7053	9163
6752	9164
7781	9165
1577	9166
9071	9167
6667	9168
8162	9169
2700	9170
7524	9171
1927	9172
412	9173
4398	9174
8601	9175
343	9176
5768	9177
7316	9178
5536	9179
4017	9180
6970	9181
7422	9182
5527	9183
6398	9184
2626	9185
6465	9186
3113	9187
8063	9188
5245	9189
5369	9190
3423	9191
1	9192
7997	9193
4018	9194
6416	9195
9325	9196
8841	9197
9528	9198
5949	9199
2435	9200
3638	9201
424	9202
7870	9203
951	9204
1521	9205
1986	9206
8838	9207
984	9208
4872	9209
7742	9210
3551	9211
318	9212
3463	9213
7101	9214
1016	9215
3985	9216
2514	9217
5280	9218
6532	9219
683	9220
7469	9221
403	9222
7297	9223
7601	9224
2736	9225
1357	9226
2728	9227
2086	9228
7831	9229
7359	9230
3329	9231
6631	9232
2843	9233
7078	9234
7388	9235
453	9236
6020	9237
7133	9238
2478	9239
601	9240
2479	9241
5885	9242
19	9243
8465	9244
65	9245
1214	9246
6244	9247
2226	9248
8936	9249
448	9250
2726	9251
7591	9252
5943	9253
1804	9254
7489	9255
8384	9256
6377	9257
34	9258
8541	9259
4090	9260
4816	9261
5451	9262
1657	9263
9077	9264
2563	9265
6807	9266
6896	9267
9170	9268
7483	9269
6126	9270
2912	9271
5630	9272
3662	9273
8275	9274
3310	9275
171	9276
8718	9277
3037	9278
4004	9279
5161	9280
1989	9281
1977	9282
5874	9283
2464	9284
6965	9285
7788	9286
3816	9287
3967	9288
1084	9289
8359	9290
5508	9291
3970	9292
2126	9293
7996	9294
7445	9295
4799	9296
8944	9297
360	9298
292	9299
6945	9300
2064	9301
1826	9302
1506	9303
2942	9304
4273	9305
6391	9306
4465	9307
4535	9308
6163	9309
6852	9310
96	9311
6282	9312
1561	9313
2657	9314
4683	9315
7963	9316
2964	9317
7447	9318
4545	9319
2374	9320
7832	9321
3	9322
5613	9323
718	9324
648	9325
1913	9326
3666	9327
3349	9328
865	9329
808	9330
5623	9331
7531	9332
7081	9333
6378	9334
2261	9335
6826	9336
7311	9337
5253	9338
7902	9339
3884	9340
3966	9341
200	9342
5529	9343
6788	9344
7471	9345
2089	9346
8625	9347
143	9348
5321	9349
2687	9350
8408	9351
6627	9352
4478	9353
2289	9354
5466	9355
8311	9356
1785	9357
9223	9358
1073	9359
7142	9360
3732	9361
8033	9362
4271	9363
162	9364
8743	9365
4607	9366
8808	9367
8247	9368
6724	9369
5776	9370
1665	9371
2388	9372
3433	9373
6880	9374
3014	9375
9064	9376
9195	9377
8187	9378
2199	9379
6452	9380
9337	9381
7761	9382
2870	9383
2074	9384
2321	9385
7027	9386
2885	9387
5507	9388
6066	9389
1338	9390
2542	9391
9000	9392
2813	9393
9182	9394
4673	9395
3769	9396
2924	9397
7400	9398
5880	9399
2262	9400
1054	9401
248	9402
5836	9403
480	9404
4328	9405
6084	9406
5966	9407
7330	9408
8857	9409
4144	9410
6382	9411
3438	9412
2983	9413
8292	9414
540	9415
7989	9416
2121	9417
1723	9418
926	9419
6091	9420
2999	9421
8441	9422
6247	9423
6355	9424
1832	9425
8919	9426
8615	9427
8817	9428
1355	9429
5930	9430
7191	9431
5702	9432
671	9433
3375	9434
1047	9435
4509	9436
1987	9437
1870	9438
428	9439
8772	9440
2288	9441
10	9442
3291	9443
9363	9444
2738	9445
5665	9446
3809	9447
4153	9448
1567	9449
6024	9450
150	9451
6281	9452
4533	9453
275	9454
4766	9455
7759	9456
9433	9457
9	9458
5899	9459
6476	9460
6153	9461
4864	9462
9416	9463
6502	9464
7433	9465
4973	9466
7186	9467
6979	9468
4498	9469
1932	9470
3248	9471
8136	9472
122	9473
3146	9474
242	9475
6598	9476
986	9477
6664	9478
1731	9479
6791	9480
6499	9481
8264	9482
1482	9483
8086	9484
872	9485
2769	9486
1285	9487
7299	9488
5409	9489
8622	9490
6067	9491
5551	9492
7423	9493
2431	9494
7024	9495
8705	9496
8621	9497
8729	9498
2157	9499
292	9500
2995	9501
931	9502
2630	9503
657	9504
4759	9505
3069	9506
504	9507
6897	9508
659	9509
6616	9510
2273	9511
9155	9512
9193	9513
7714	9514
4340	9515
7585	9516
7931	9517
6319	9518
6782	9519
6127	9520
7310	9521
3564	9522
7619	9523
1485	9524
6505	9525
1417	9526
1418	9527
4793	9528
5328	9529
1351	9530
1346	9531
176	9532
3886	9533
1924	9534
4214	9535
1010	9536
7655	9537
6297	9538
7482	9539
1186	9540
6342	9541
3974	9542
3684	9543
6878	9544
3797	9545
5679	9546
5284	9547
1957	9548
6094	9549
4663	9550
8222	9551
1348	9552
8932	9553
5372	9554
4755	9555
3128	9556
7651	9557
4015	9558
6197	9559
1195	9560
3518	9561
9006	9562
4596	9563
7060	9564
3555	9565
303	9566
3431	9567
3557	9568
2650	9569
8365	9570
7872	9571
6141	9572
1716	9573
2641	9574
37	9575
8429	9576
625	9577
8382	9578
3477	9579
3394	9580
4286	9581
9083	9582
5597	9583
6755	9584
9439	9585
195	9586
3922	9587
3912	9588
2517	9589
9482	9590
6273	9591
1507	9592
5159	9593
3601	9594
5130	9595
6829	9596
6012	9597
3903	9598
3333	9599
4692	9600
4351	9601
7697	9602
1459	9603
5701	9604
4071	9605
533	9606
2990	9607
4883	9608
6270	9609
9135	9610
300	9611
103	9612
2996	9613
458	9614
8072	9615
4341	9616
6919	9617
8670	9618
5300	9619
2118	9620
5122	9621
2319	9622
4796	9623
3270	9624
9165	9625
589	9626
8862	9627
1019	9628
7757	9629
4122	9630
7304	9631
8104	9632
1881	9633
449	9634
6368	9635
7815	9636
5142	9637
90	9638
4779	9639
6206	9640
597	9641
5030	9642
4623	9643
6737	9644
9104	9645
5243	9646
318	9647
773	9648
1008	9649
7916	9650
8321	9651
2936	9652
4600	9653
693	9654
3991	9655
2163	9656
3858	9657
4757	9658
5882	9659
8491	9660
2356	9661
113	9662
7034	9663
271	9664
8634	9665
7308	9666
6711	9667
154	9668
140	9669
6648	9670
3847	9671
699	9672
60	9673
7909	9674
7435	9675
8073	9676
842	9677
1101	9678
2373	9679
3487	9680
1517	9681
9351	9682
4968	9683
1594	9684
9501	9685
4700	9686
5318	9687
223	9688
2392	9689
2034	9690
1947	9691
6097	9692
6995	9693
80	9694
9169	9695
6327	9696
814	9697
2667	9698
8692	9699
6549	9700
6801	9701
4483	9702
1395	9703
4052	9704
7111	9705
1711	9706
4617	9707
3996	9708
2438	9709
7804	9710
5082	9711
481	9712
981	9713
1800	9714
5568	9715
3879	9716
212	9717
5841	9718
869	9719
5450	9720
9095	9721
9508	9722
5275	9723
5803	9724
210	9725
7555	9726
3134	9727
60	9728
609	9729
271	9730
5751	9731
2798	9732
8690	9733
2152	9734
5384	9735
340	9736
6709	9737
5246	9738
2642	9739
6637	9740
923	9741
7722	9742
4916	9743
6854	9744
2538	9745
9391	9746
2849	9747
8878	9748
6031	9749
4687	9750
5612	9751
6246	9752
3736	9753
3083	9754
551	9755
2589	9756
7254	9757
7961	9758
3427	9759
870	9760
8757	9761
4151	9762
323	9763
8849	9764
6743	9765
1784	9766
9134	9767
7173	9768
5845	9769
5136	9770
6763	9771
8661	9772
536	9773
546	9774
6494	9775
9492	9776
5598	9777
3354	9778
5396	9779
1854	9780
3315	9781
5810	9782
7338	9783
6830	9784
4480	9785
321	9786
5861	9787
171	9788
8259	9789
5587	9790
4993	9791
4832	9792
7263	9793
7361	9794
8085	9795
4175	9796
8863	9797
9121	9798
4668	9799
2071	9800
4929	9801
1850	9802
3275	9803
4910	9804
6285	9805
2215	9806
6442	9807
2594	9808
6258	9809
8161	9810
188	9811
2960	9812
509	9813
306	9814
4437	9815
578	9816
3674	9817
3076	9818
1059	9819
5620	9820
378	9821
6804	9822
9048	9823
13	9824
1147	9825
3021	9826
1959	9827
954	9828
4428	9829
3109	9830
548	9831
8921	9832
6530	9833
8249	9834
6912	9835
5080	9836
6018	9837
1027	9838
799	9839
6194	9840
8962	9841
6121	9842
7959	9843
1150	9844
2608	9845
8009	9846
1314	9847
3299	9848
8512	9849
5406	9850
6866	9851
5322	9852
9039	9853
1607	9854
6961	9855
7551	9856
282	9857
4206	9858
40	9859
4661	9860
5230	9861
7009	9862
5993	9863
6972	9864
1841	9865
5843	9866
5592	9867
8480	9868
1902	9869
6520	9870
3013	9871
5570	9872
7565	9873
3281	9874
8766	9875
5156	9876
5912	9877
158	9878
6228	9879
5152	9880
4227	9881
9352	9882
370	9883
1849	9884
8248	9885
9441	9886
2095	9887
4163	9888
4877	9889
8066	9890
4630	9891
4068	9892
5368	9893
8926	9894
3362	9895
300	9896
8345	9897
6177	9898
510	9899
4886	9900
3269	9901
1940	9902
4628	9903
3195	9904
2270	9905
1257	9906
9446	9907
2057	9908
941	9909
843	9910
7926	9911
4174	9912
3583	9913
7698	9914
7048	9915
6786	9916
3145	9917
932	9918
9310	9919
5965	9920
5735	9921
4814	9922
6739	9923
223	9924
4637	9925
8896	9926
3682	9927
6899	9928
7457	9929
512	9930
6484	9931
8810	9932
139	9933
8882	9934
9215	9935
7180	9936
9197	9937
7113	9938
5421	9939
4552	9940
2855	9941
7670	9942
4648	9943
7580	9944
7653	9945
328	9946
8527	9947
5505	9948
856	9949
5698	9950
3723	9951
4640	9952
4554	9953
7710	9954
2694	9955
5842	9956
1259	9957
3908	9958
4970	9959
4474	9960
6524	9961
2757	9962
9301	9963
8261	9964
2283	9965
3971	9966
9221	9967
5483	9968
829	9969
9445	9970
4823	9971
6929	9972
1791	9973
177	9974
4115	9975
7117	9976
3240	9977
8748	9978
6821	9979
121	9980
6761	9981
287	9982
3325	9983
3572	9984
4707	9985
6231	9986
2890	9987
4911	9988
8435	9989
1501	9990
5329	9991
2614	9992
8087	9993
32	9994
7962	9995
8223	9996
380	9997
4310	9998
9539	9999
5658	10000
