5632	1
633	2
7282	3
2289	4
4552	5
3922	6
4325	7
3522	8
8419	9
8756	10
6194	11
9291	12
9479	13
5811	14
4135	15
7898	16
9647	17
568	18
3196	19
5151	20
7007	21
3624	22
6696	23
1484	24
1864	25
3855	26
1152	27
4629	28
8989	29
8843	30
3037	31
6008	32
9841	33
6168	34
3108	35
7538	36
5821	37
7447	38
5130	39
9447	40
5724	41
327	42
3088	43
7913	44
61	45
5611	46
2982	47
3930	48
5769	49
4252	50
6221	51
8882	52
8103	53
1700	54
2667	55
1210	56
5920	57
4367	58
4207	59
7208	60
77	61
7474	62
2150	63
5047	64
3062	65
3680	66
9237	67
5308	68
9247	69
4344	70
4542	71
2674	72
7154	73
3575	74
3235	75
7721	76
4922	77
6242	78
173	79
1656	80
7741	81
4030	82
7111	83
107	84
8748	85
1841	86
2477	87
1476	88
4461	89
5895	90
8461	91
1928	92
1674	93
5836	94
687	95
4583	96
9087	97
1727	98
9009	99
1232	100
5787	101
2264	102
6013	103
1161	104
3130	105
7931	106
5622	107
5322	108
2540	109
4711	110
2929	111
6866	112
6153	113
1760	114
2873	115
3029	116
5447	117
9714	118
5493	119
3396	120
6582	121
265	122
229	123
3237	124
8198	125
3983	126
3512	127
9133	128
9713	129
7013	130
5191	131
4280	132
176	133
8283	134
4328	135
5815	136
9195	137
4082	138
8765	139
5693	140
6760	141
7333	142
2752	143
4714	144
7320	145
7252	146
7444	147
1580	148
5826	149
734	150
4437	151
3496	152
5336	153
6979	154
5454	155
7337	156
3553	157
6408	158
8490	159
8255	160
4644	161
2265	162
90	163
5003	164
6252	165
8824	166
5822	167
8139	168
3950	169
4073	170
1056	171
11	172
5237	173
9546	174
4420	175
8398	176
8970	177
8168	178
5923	179
9819	180
4951	181
748	182
6427	183
6214	184
2508	185
4253	186
1085	187
5883	188
5600	189
4326	190
4892	191
4745	192
1861	193
1598	194
3072	195
8907	196
7520	197
3131	198
5982	199
7959	200
4881	201
5898	202
7457	203
4916	204
7081	205
9344	206
9008	207
167	208
2510	209
2803	210
2434	211
686	212
695	213
7783	214
8357	215
1148	216
5700	217
7503	218
1028	219
5610	220
8297	221
8021	222
3306	223
869	224
1730	225
5863	226
6875	227
5552	228
8791	229
2089	230
3335	231
3384	232
2357	233
810	234
8288	235
8128	236
3856	237
3089	238
249	239
8839	240
9751	241
3793	242
4515	243
8692	244
4770	245
725	246
8506	247
1780	248
6722	249
7067	250
5402	251
3259	252
7768	253
9708	254
7820	255
2102	256
882	257
6927	258
9478	259
6799	260
4338	261
3490	262
3832	263
5872	264
9815	265
4220	266
9146	267
3716	268
9254	269
4620	270
1648	271
2987	272
1672	273
4167	274
925	275
4799	276
8992	277
4467	278
6327	279
5956	280
7066	281
3373	282
2230	283
5766	284
9532	285
1524	286
5495	287
468	288
240	289
7846	290
4016	291
995	292
1468	293
6360	294
3078	295
5592	296
3042	297
5288	298
860	299
339	300
6993	301
7828	302
9435	303
5164	304
7514	305
2234	306
1155	307
7411	308
2249	309
201	310
5223	311
6830	312
8338	313
710	314
7515	315
8484	316
6449	317
9553	318
4417	319
7316	320
7647	321
4089	322
2481	323
6876	324
8141	325
6518	326
1047	327
2351	328
4567	329
9290	330
6055	331
1832	332
8337	333
4308	334
4088	335
1183	336
2747	337
5128	338
9858	339
7643	340
570	341
7998	342
9488	343
8660	344
4654	345
6009	346
6885	347
5460	348
4599	349
588	350
1315	351
8610	352
238	353
1176	354
71	355
4828	356
151	357
3651	358
2654	359
586	360
9271	361
2392	362
1020	363
22	364
2865	365
9149	366
891	367
5698	368
7093	369
4074	370
8433	371
7974	372
7194	373
4847	374
4390	375
2148	376
9459	377
9318	378
7737	379
3305	380
9036	381
7070	382
9776	383
4144	384
4756	385
1397	386
7249	387
297	388
2697	389
2802	390
3737	391
4600	392
2135	393
8091	394
8171	395
1562	396
4536	397
2530	398
7453	399
8053	400
7682	401
3968	402
7623	403
2285	404
8412	405
414	406
1208	407
6116	408
1137	409
1426	410
6782	411
7299	412
9590	413
7659	414
8140	415
581	416
7700	417
1012	418
7522	419
499	420
80	421
2399	422
4292	423
4053	424
5195	425
924	426
6193	427
2604	428
9850	429
2276	430
332	431
8566	432
832	433
5681	434
8914	435
812	436
4189	437
1607	438
662	439
6615	440
589	441
9610	442
9474	443
2197	444
7825	445
9181	446
9205	447
2951	448
1109	449
503	450
580	451
4221	452
5216	453
7075	454
5511	455
496	456
8102	457
5763	458
2047	459
182	460
5919	461
7509	462
9361	463
9757	464
1753	465
9252	466
9772	467
6438	468
595	469
6627	470
4057	471
9421	472
1268	473
4665	474
9519	475
8481	476
1592	477
1550	478
8142	479
6713	480
7027	481
5928	482
5838	483
7569	484
7579	485
1894	486
5507	487
8678	488
283	489
127	490
1032	491
4161	492
9230	493
3973	494
2516	495
1859	496
5750	497
7054	498
2198	499
1900	500
6786	501
2366	502
2138	503
6602	504
2795	505
8355	506
1722	507
627	508
4123	509
1385	510
6764	511
8379	512
3070	513
560	514
5500	515
1497	516
8744	517
8529	518
5818	519
3498	520
9353	521
6005	522
6516	523
1625	524
7360	525
1516	526
3528	527
5685	528
8836	529
7625	530
9705	531
400	532
441	533
8597	534
2110	535
6236	536
5634	537
9304	538
2134	539
4872	540
4000	541
8241	542
8911	543
750	544
7946	545
5599	546
6036	547
3586	548
5866	549
1619	550
9448	551
2487	552
4177	553
1646	554
8626	555
3127	556
9032	557
4810	558
8240	559
2003	560
7762	561
5945	562
3733	563
8032	564
6824	565
1355	566
3696	567
8935	568
1683	569
92	570
3600	571
7991	572
8929	573
7240	574
5967	575
5870	576
9723	577
5703	578
4033	579
1554	580
9531	581
7511	582
9446	583
2119	584
767	585
5147	586
1954	587
901	588
3307	589
652	590
2576	591
2811	592
9726	593
519	594
7321	595
1948	596
5930	597
7244	598
3438	599
7869	600
1963	601
4124	602
9738	603
7906	604
957	605
3908	606
7177	607
3640	608
7422	609
1001	610
8905	611
7572	612
9875	613
7618	614
7418	615
3178	616
5850	617
8204	618
1651	619
1525	620
6777	621
7025	622
36	623
3146	624
5501	625
6078	626
1134	627
2060	628
4801	629
9134	630
6351	631
6265	632
3818	633
4174	634
3415	635
6331	636
9278	637
289	638
1254	639
8041	640
116	641
4517	642
2353	643
1556	644
2207	645
2091	646
7980	647
33	648
2845	649
1087	650
4342	651
2427	652
4531	653
8527	654
1792	655
1220	656
6368	657
3423	658
1515	659
9261	660
1114	661
8428	662
4202	663
1612	664
4771	665
6501	666
4837	667
3151	668
4348	669
5063	670
1748	671
6937	672
8915	673
1443	674
708	675
9235	676
9573	677
233	678
4755	679
6506	680
1594	681
6319	682
3252	683
2346	684
39	685
7689	686
7184	687
5659	688
8892	689
4401	690
2819	691
7065	692
9011	693
2518	694
4729	695
8844	696
8133	697
1336	698
9352	699
12	700
7324	701
4184	702
2391	703
8013	704
4867	705
9631	706
3041	707
5210	708
7011	709
2022	710
9678	711
5616	712
7069	713
9846	714
7937	715
8448	716
5483	717
5157	718
1716	719
998	720
139	721
2765	722
7329	723
4702	724
6123	725
5415	726
9110	727
8161	728
7756	729
6266	730
7761	731
6513	732
9510	733
9125	734
9518	735
2380	736
9868	737
3947	738
3239	739
6611	740
57	741
1486	742
3213	743
4353	744
6446	745
9004	746
9840	747
8456	748
9473	749
9266	750
6117	751
3426	752
7797	753
385	754
5245	755
2994	756
6644	757
3241	758
2590	759
6316	760
1417	761
1079	762
4358	763
3087	764
4966	765
1789	766
1195	767
6971	768
9476	769
3837	770
4147	771
649	772
4532	773
4820	774
4447	775
9699	776
8248	777
2680	778
5310	779
497	780
2538	781
7307	782
1244	783
7205	784
4674	785
4	786
1904	787
8435	788
2720	789
8370	790
976	791
1862	792
3168	793
317	794
2852	795
4269	796
4104	797
535	798
5994	799
1415	800
2897	801
7924	802
953	803
6687	804
7943	805
9584	806
932	807
6218	808
2578	809
5607	810
567	811
2909	812
3684	813
5368	814
9107	815
6951	816
1512	817
5633	818
3161	819
2271	820
8887	821
3636	822
6928	823
6873	824
6048	825
4309	826
3247	827
5305	828
2586	829
6815	830
3692	831
1757	832
9401	833
8380	834
7489	835
8657	836
253	837
7290	838
3720	839
655	840
7615	841
559	842
1167	843
9808	844
573	845
6700	846
3308	847
2184	848
6545	849
7148	850
1066	851
2731	852
2231	853
1080	854
46	855
5725	856
9362	857
5932	858
7473	859
6496	860
9601	861
583	862
3418	863
6926	864
6412	865
9368	866
9115	867
2548	868
8771	869
2458	870
8282	871
5701	872
5123	873
840	874
6271	875
3424	876
3360	877
823	878
7371	879
5760	880
7691	881
7614	882
8752	883
1709	884
18	885
3803	886
2766	887
7314	888
1293	889
3157	890
3767	891
4498	892
8270	893
4888	894
2706	895
5107	896
8109	897
8455	898
8854	899
7546	900
2872	901
2574	902
291	903
5510	904
8967	905
6269	906
5844	907
5777	908
6805	909
9374	910
8253	911
7834	912
4961	913
8829	914
5884	915
2011	916
2996	917
6212	918
323	919
6070	920
5345	921
8888	922
404	923
2917	924
1493	925
3465	926
9082	927
6274	928
3361	929
4727	930
6832	931
2008	932
1096	933
811	934
4643	935
7171	936
5292	937
6371	938
6146	939
389	940
1	941
2164	942
303	943
4909	944
9663	945
7696	946
2294	947
9549	948
813	949
1908	950
4685	951
4293	952
1586	953
8878	954
6142	955
6775	956
9499	957
4695	958
3695	959
4424	960
8471	961
5405	962
3411	963
464	964
4608	965
3458	966
1506	967
6718	968
8425	969
72	970
2179	971
2860	972
5258	973
8147	974
3443	975
2439	976
7668	977
1720	978
8590	979
4283	980
5713	981
4279	982
4690	983
3530	984
2190	985
3646	986
2403	987
210	988
5490	989
3807	990
646	991
5170	992
2398	993
3291	994
2721	995
1259	996
989	997
2810	998
1909	999
5867	1000
2633	1001
6916	1002
1045	1003
5556	1004
3419	1005
6709	1006
7012	1007
1076	1008
7044	1009
3234	1010
5480	1011
4635	1012
3	1013
5736	1014
5543	1015
5678	1016
700	1017
2426	1018
2443	1019
1934	1020
8309	1021
7905	1022
6656	1023
683	1024
3292	1025
9017	1026
8122	1027
9490	1028
2641	1029
7362	1030
9747	1031
9275	1032
5619	1033
4924	1034
1094	1035
1290	1036
1645	1037
6677	1038
9143	1039
2311	1040
8195	1041
6334	1042
854	1043
8148	1044
6771	1045
4482	1046
3819	1047
129	1048
4684	1049
3408	1050
2442	1051
3890	1052
6178	1053
1842	1054
9248	1055
8695	1056
6994	1057
4396	1058
6315	1059
7121	1060
2816	1061
9680	1062
6129	1063
6290	1064
5847	1065
9635	1066
7660	1067
2388	1068
3251	1069
4965	1070
6915	1071
7729	1072
6924	1073
666	1074
6307	1075
2925	1076
4286	1077
6592	1078
7451	1079
4429	1080
7092	1081
3289	1082
7458	1083
295	1084
96	1085
4200	1086
6190	1087
4319	1088
9452	1089
645	1090
3283	1091
1227	1092
2725	1093
6028	1094
6160	1095
2607	1096
3074	1097
9454	1098
3894	1099
8963	1100
5620	1101
2659	1102
3399	1103
6577	1104
644	1105
4478	1106
4056	1107
2115	1108
7179	1109
1158	1110
4811	1111
7024	1112
6540	1113
694	1114
6595	1115
9337	1116
7229	1117
582	1118
9537	1119
4736	1120
1395	1121
7076	1122
5002	1123
9508	1124
7738	1125
5401	1126
984	1127
5335	1128
3643	1129
5523	1130
7996	1131
7568	1132
1548	1133
1164	1134
4479	1135
4609	1136
4365	1137
9423	1138
1876	1139
3765	1140
5749	1141
3352	1142
4725	1143
5528	1144
5664	1145
8487	1146
2216	1147
9725	1148
2526	1149
7293	1150
2090	1151
8531	1152
5476	1153
5529	1154
1341	1155
5445	1156
8369	1157
8891	1158
8754	1159
1400	1160
6247	1161
4428	1162
7235	1163
280	1164
9370	1165
3073	1166
3136	1167
6239	1168
5545	1169
6502	1170
5199	1171
3030	1172
3706	1173
3764	1174
5906	1175
8747	1176
211	1177
1098	1178
937	1179
495	1180
8933	1181
3685	1182
9567	1183
2934	1184
4692	1185
2373	1186
5720	1187
2903	1188
2894	1189
5337	1190
5	1191
7046	1192
4039	1193
6284	1194
6378	1195
4728	1196
7302	1197
5791	1198
3833	1199
4559	1200
442	1201
9642	1202
4963	1203
8964	1204
9141	1205
2411	1206
5155	1207
5238	1208
1990	1209
5327	1210
8033	1211
1249	1212
4297	1213
1380	1214
1944	1215
7805	1216
2880	1217
9246	1218
273	1219
3960	1220
1489	1221
14	1222
7508	1223
8060	1224
9736	1225
8627	1226
3734	1227
9263	1228
407	1229
5039	1230
1579	1231
5280	1232
8772	1233
6154	1234
7211	1235
3495	1236
4857	1237
5283	1238
7543	1239
5918	1240
3483	1241
3909	1242
6450	1243
8386	1244
1681	1245
387	1246
7392	1247
5911	1248
2636	1249
7798	1250
2954	1251
7318	1252
489	1253
488	1254
5674	1255
1831	1256
6377	1257
4829	1258
6637	1259
51	1260
8924	1261
1728	1262
4320	1263
4537	1264
522	1265
2930	1266
4996	1267
2844	1268
6033	1269
531	1270
8498	1271
1256	1272
1699	1273
2367	1274
6829	1275
5576	1276
5544	1277
1649	1278
7231	1279
4165	1280
5045	1281
6466	1282
2	1283
9775	1284
7330	1285
8717	1286
554	1287
8329	1288
8804	1289
3674	1290
8735	1291
2572	1292
5086	1293
5171	1294
3288	1295
9132	1296
674	1297
4333	1298
2306	1299
6161	1300
4896	1301
3033	1302
6443	1303
419	1304
4786	1305
9762	1306
7406	1307
4004	1308
4256	1309
8287	1310
4943	1311
2582	1312
6672	1313
1979	1314
9854	1315
3351	1316
654	1317
7655	1318
8602	1319
2218	1320
5291	1321
7754	1322
1174	1323
4131	1324
8084	1325
5873	1326
4051	1327
1200	1328
9786	1329
6743	1330
1917	1331
8614	1332
2839	1333
6164	1334
4266	1335
8026	1336
390	1337
990	1338
2126	1339
8247	1340
5630	1341
6244	1342
608	1343
5991	1344
6042	1345
6155	1346
4228	1347
7397	1348
1434	1349
7486	1350
7467	1351
8528	1352
8792	1353
6172	1354
9643	1355
6059	1356
8972	1357
3043	1358
8524	1359
7962	1360
4180	1361
7782	1362
2278	1363
846	1364
5293	1365
4291	1366
6057	1367
8507	1368
3886	1369
3118	1370
5597	1371
6914	1372
2041	1373
7827	1374
6479	1375
3017	1376
6407	1377
6132	1378
9414	1379
3231	1380
720	1381
6541	1382
8373	1383
9444	1384
4372	1385
3431	1386
741	1387
3579	1388
214	1389
5739	1390
53	1391
2147	1392
6354	1393
8939	1394
8056	1395
5317	1396
5134	1397
6895	1398
2629	1399
3539	1400
7923	1401
669	1402
8580	1403
7813	1404
1818	1405
2881	1406
8783	1407
8720	1408
3727	1409
3820	1410
7829	1411
647	1412
2904	1413
3476	1414
3493	1415
4176	1416
2798	1417
5970	1418
1790	1419
6663	1420
6888	1421
246	1422
8278	1423
7236	1424
7210	1425
9328	1426
4775	1427
6972	1428
7650	1429
8715	1430
5048	1431
7654	1432
8926	1433
5166	1434
8083	1435
4681	1436
5575	1437
8385	1438
8503	1439
3771	1440
1238	1441
3080	1442
9012	1443
8679	1444
4323	1445
3663	1446
4870	1447
4592	1448
3327	1449
4259	1450
113	1451
1969	1452
3961	1453
7380	1454
8704	1455
1980	1456
986	1457
703	1458
8207	1459
9062	1460
3888	1461
6522	1462
8399	1463
8500	1464
697	1465
9754	1466
6564	1467
9652	1468
9427	1469
3686	1470
4128	1471
9521	1472
9583	1473
7528	1474
6962	1475
2631	1476
9442	1477
1903	1478
6612	1479
3369	1480
5794	1481
4652	1482
890	1483
7859	1484
5419	1485
8445	1486
8913	1487
5889	1488
3003	1489
6049	1490
3268	1491
3874	1492
676	1493
2402	1494
4277	1495
8149	1496
7712	1497
1973	1498
8271	1499
5530	1500
5175	1501
1424	1502
3615	1503
7970	1504
5055	1505
2779	1506
7408	1507
2800	1508
1620	1509
4833	1510
2486	1511
9692	1512
5547	1513
8737	1514
1456	1515
1621	1516
86	1517
8244	1518
5533	1519
9343	1520
1933	1521
5301	1522
5298	1523
383	1524
8432	1525
6074	1526
8881	1527
7291	1528
7117	1529
7094	1530
6681	1531
3167	1532
5827	1533
1179	1534
8740	1535
3740	1536
5722	1537
5321	1538
1563	1539
8613	1540
3192	1541
2422	1542
920	1543
2188	1544
2668	1545
2813	1546
9192	1547
752	1548
5167	1549
3867	1550
6053	1551
7270	1552
3700	1553
1280	1554
2557	1555
9675	1556
5227	1557
217	1558
3473	1559
6001	1560
8902	1561
4107	1562
8393	1563
1335	1564
6969	1565
7110	1566
992	1567
5910	1568
4740	1569
1029	1570
7850	1571
4976	1572
1920	1573
9072	1574
6530	1575
4441	1576
7403	1577
5587	1578
2869	1579
2570	1580
1919	1581
8586	1582
7352	1583
760	1584
6859	1585
136	1586
3668	1587
537	1588
2684	1589
3329	1590
8898	1591
427	1592
4792	1593
9285	1594
6776	1595
8470	1596
7166	1597
4236	1598
8111	1599
1295	1600
4663	1601
1093	1602
8219	1603
2227	1604
8552	1605
2480	1606
8796	1607
9396	1608
3830	1609
2571	1610
2033	1611
971	1612
2688	1613
7977	1614
5514	1615
5369	1616
9395	1617
517	1618
7018	1619
5649	1620
4134	1621
7867	1622
1897	1623
893	1624
2741	1625
6715	1626
7748	1627
7089	1628
1743	1629
5805	1630
8272	1631
1774	1632
8833	1633
1194	1634
4195	1635
4162	1636
5449	1637
8866	1638
2990	1639
5487	1640
9018	1641
2742	1642
6504	1643
5296	1644
5861	1645
4048	1646
6359	1647
4621	1648
541	1649
2689	1650
1323	1651
6977	1652
8693	1653
5775	1654
8101	1655
4975	1656
8947	1657
6309	1658
3974	1659
5593	1660
6403	1661
63	1662
6131	1663
2255	1664
9632	1665
7450	1666
3978	1667
9433	1668
1705	1669
7536	1670
8595	1671
8117	1672
6104	1673
970	1674
3215	1675
3859	1676
183	1677
6956	1678
620	1679
8805	1680
7438	1681
8221	1682
7265	1683
2620	1684
8673	1685
6245	1686
8537	1687
9856	1688
3173	1689
7912	1690
4899	1691
2606	1692
3732	1693
1070	1694
4097	1695
8291	1696
3198	1697
3650	1698
6537	1699
6674	1700
7791	1701
2017	1702
8296	1703
13	1704
9136	1705
4538	1706
9199	1707
7601	1708
179	1709
3607	1710
9218	1711
3058	1712
6288	1713
5188	1714
4959	1715
4914	1716
7053	1717
3599	1718
9173	1719
1791	1720
5077	1721
9270	1722
7932	1723
4130	1724
2370	1725
3728	1726
1848	1727
5743	1728
4722	1729
837	1730
5392	1731
7021	1732
248	1733
1406	1734
4315	1735
9306	1736
2984	1737
3503	1738
9385	1739
9099	1740
4603	1741
1800	1742
2062	1743
4724	1744
5302	1745
8589	1746
6861	1747
5095	1748
3587	1749
2283	1750
9555	1751
2868	1752
847	1753
1213	1754
3427	1755
523	1756
3036	1757
7296	1758
5608	1759
2039	1760
1736	1761
274	1762
6213	1763
232	1764
4137	1765
189	1766
1976	1767
5096	1768
4841	1769
6552	1770
6406	1771
1995	1772
5462	1773
9741	1774
8116	1775
4061	1776
7881	1777
7271	1778
2305	1779
1657	1780
8209	1781
9585	1782
8228	1783
9037	1784
4444	1785
6069	1786
2772	1787
7137	1788
1565	1789
7301	1790
549	1791
5773	1792
4305	1793
5925	1794
7063	1795
3107	1796
641	1797
5099	1798
6833	1799
5745	1800
473	1801
3718	1802
2058	1803
9308	1804
4055	1805
2208	1806
9227	1807
4944	1808
8988	1809
6286	1810
3557	1811
2310	1812
186	1813
7779	1814
4173	1815
5192	1816
9710	1817
3595	1818
9630	1819
6591	1820
6206	1821
7708	1822
9406	1823
7432	1824
3066	1825
3612	1826
1668	1827
3899	1828
3906	1829
1714	1830
9801	1831
4231	1832
8342	1833
3796	1834
8312	1835
5324	1836
2807	1837
2710	1838
5555	1839
9148	1840
6711	1841
4835	1842
8390	1843
9222	1844
8205	1845
4597	1846
7243	1847
9822	1848
1737	1849
1138	1850
6567	1851
5882	1852
4946	1853
2051	1854
4693	1855
4306	1856
7376	1857
3280	1858
5702	1859
3939	1860
8474	1861
1558	1862
7281	1863
8095	1864
3116	1865
6204	1866
4928	1867
5774	1868
1635	1869
8561	1870
1120	1871
4769	1872
6634	1873
1811	1874
3526	1875
1203	1876
8497	1877
8438	1878
1712	1879
8062	1880
1605	1881
3885	1882
65	1883
9795	1884
2394	1885
7914	1886
5854	1887
7279	1888
3273	1889
4405	1890
778	1891
5068	1892
9129	1893
476	1894
490	1895
2562	1896
7716	1897
8930	1898
3293	1899
1146	1900
9035	1901
7349	1902
5604	1903
7187	1904
3578	1905
3889	1906
6372	1907
7751	1908
408	1909
3555	1910
8650	1911
7985	1912
1659	1913
2610	1914
3303	1915
12	1916
7644	1917
8821	1918
5954	1919
3177	1920
4759	1921
4281	1922
5975	1923
3783	1924
6337	1925
6113	1926
8094	1927
2462	1928
1058	1929
540	1930
5017	1931
8920	1932
56	1933
7965	1934
5182	1935
6448	1936
7146	1937
6344	1938
2685	1939
1571	1940
1874	1941
6127	1942
2815	1943
526	1944
7765	1945
2830	1946
3084	1947
6302	1948
3574	1949
6695	1950
4746	1951
7713	1952
19	1953
1698	1954
6103	1955
8082	1956
8495	1957
2159	1958
7115	1959
639	1960
6728	1961
8468	1962
3987	1963
1644	1964
1982	1965
6603	1966
3869	1967
774	1968
1631	1969
9844	1970
2941	1971
9794	1972
6500	1973
2587	1974
4672	1975
180	1976
4409	1977
8814	1978
6101	1979
7041	1980
775	1981
8815	1982
22	1983
7464	1984
4780	1985
7841	1986
4615	1987
3980	1988
1735	1989
8408	1990
8294	1991
8727	1992
1130	1993
8235	1994
2401	1995
7373	1996
864	1997
6620	1998
1097	1999
9130	2000
2009	2001
6105	2002
9166	2003
8868	2004
5370	2005
3494	2006
7818	2007
4878	2008
6902	2009
3097	2010
3343	2011
8397	2012
3413	2013
2163	2014
604	2015
4156	2016
4064	2017
5728	2018
190	2019
922	2020
7916	2021
6000	2022
4093	2023
7835	2024
4705	2025
3208	2026
944	2027
4876	2028
1880	2029
6480	2030
4224	2031
8981	2032
1676	2033
6920	2034
6370	2035
1530	2036
5976	2037
3371	2038
663	2039
3817	2040
7909	2041
8065	2042
1936	2043
4031	2044
6554	2045
8570	2046
8733	2047
9627	2048
3309	2049
3222	2050
241	2051
47	2052
4493	2053
1465	2054
9771	2055
2	2056
3216	2057
4915	2058
8711	2059
1782	2060
6424	2061
4673	2062
14	2063
5869	2064
5590	2065
9409	2066
9023	2067
2744	2068
2469	2069
7862	2070
4754	2071
3569	2072
9586	2073
9811	2074
4148	2075
5397	2076
5786	2077
8304	2078
2890	2079
7353	2080
5034	2081
1636	2082
2344	2083
3502	2084
2241	2085
3008	2086
9170	2087
3564	2088
7061	2089
1593	2090
2901	2091
7799	2092
3898	2093
3904	2094
3721	2095
8819	2096
8409	2097
6282	2098
1442	2099
5688	2100
7566	2101
9579	2102
7003	2103
1040	2104
4913	2105
8069	2106
5279	2107
4345	2108
2046	2109
8005	2110
3596	2111
5502	2112
3435	2113
4032	2114
2569	2115
8371	2116
9272	2117
3524	2118
3725	2119
3517	2120
5070	2121
7822	2122
2561	2123
1797	2124
3210	2125
6940	2126
1422	2127
4486	2128
2123	2129
2206	2130
1145	2131
5162	2132
2788	2133
4450	2134
7220	2135
4931	2136
2449	2137
8640	2138
791	2139
1444	2140
6733	2141
4035	2142
1060	2143
4112	2144
1369	2145
9090	2146
4408	2147
1761	2148
2084	2149
3009	2150
880	2151
264	2152
3132	2153
7624	2154
9600	2155
3603	2156
4589	2157
9159	2158
814	2159
7167	2160
4768	2161
6883	2162
8344	2163
5830	2164
8222	2165
6596	2166
8841	2167
6299	2168
1600	2169
2924	2170
8138	2171
2251	2172
3417	2173
9498	2174
2137	2175
465	2176
4234	2177
8365	2178
7030	2179
6143	2180
4664	2181
8599	2182
3519	2183
5177	2184
4362	2185
7424	2186
352	2187
2409	2188
5242	2189
452	2190
1794	2191
8087	2192
252	2193
4449	2194
3340	2195
8044	2196
2095	2197
7610	2198
1168	2199
1839	2200
48	2201
3993	2202
4106	2203
307	2204
9682	2205
6248	2206
2485	2207
2580	2208
1533	2209
5075	2210
3075	2211
8849	2212
8690	2213
754	2214
8310	2215
1508	2216
7490	2217
7164	2218
1820	2219
5509	2220
3320	2221
3971	2222
4247	2223
6871	2224
5314	2225
2085	2226
3642	2227
9282	2228
6918	2229
4289	2230
5929	2231
4997	2232
2515	2233
1998	2234
4816	2235
6538	2236
1199	2237
3534	2238
3224	2239
397	2240
7495	2241
5057	2242
4204	2243
9842	2244
7790	2245
1907	2246
6084	2247
1011	2248
24	2249
2175	2250
8980	2251
9599	2252
2279	2253
6275	2254
3071	2255
4998	2256
4880	2257
8473	2258
4079	2259
6095	2260
7586	2261
1940	2262
8923	2263
6023	2264
112	2265
8164	2266
2928	2267
5174	2268
3563	2269
6314	2270
4355	2271
4539	2272
360	2273
885	2274
8127	2275
4430	2276
9429	2277
7370	2278
6200	2279
3623	2280
1538	2281
5997	2282
7824	2283
260	2284
1445	2285
145	2286
6671	2287
6169	2288
1457	2289
3170	2290
4014	2291
2355	2292
6233	2293
2183	2294
2324	2295
287	2296
2853	2297
7661	2298
980	2299
2044	2300
3300	2301
8721	2302
6584	2303
5122	2304
5790	2305
5637	2306
6076	2307
4764	2308
2993	2309
4215	2310
8823	2311
751	2312
7767	2313
8706	2314
3053	2315
8015	2316
4410	2317
4105	2318
4869	2319
7260	2320
56	2321
3918	2322
4523	2323
6483	2324
7609	2325
5966	2326
8937	2327
8363	2328
1084	2329
4852	2330
5669	2331
704	2332
4935	2333
5373	2334
7437	2335
9707	2336
391	2337
7513	2338
2142	2339
933	2340
2259	2341
4813	2342
6230	2343
2472	2344
8694	2345
8395	2346
4988	2347
6684	2348
8662	2349
3188	2350
9869	2351
3470	2352
9685	2353
982	2354
4773	2355
8245	2356
1377	2357
8738	2358
5977	2359
4595	2360
9483	2361
1923	2362
7209	2363
3187	2364
1033	2365
8948	2366
7386	2367
777	2368
4778	2369
3875	2370
3338	2371
9274	2372
6953	2373
3649	2374
7080	2375
7887	2376
2225	2377
6835	2378
1488	2379
9765	2380
3176	2381
5341	2382
968	2383
1360	2384
37	2385
8730	2386
4199	2387
9217	2388
6949	2389
2988	2390
272	2391
3871	2392
6004	2393
8900	2394
5639	2395
6219	2396
4312	2397
9633	2398
7855	2399
4691	2400
1559	2401
6251	2402
8739	2403
6006	2404
9774	2405
477	2406
9666	2407
3926	2408
3683	2409
5411	2410
623	2411
8567	2412
2129	2413
6653	2414
5014	2415
2514	2416
1391	2417
1883	2418
108	2419
9724	2420
8130	2421
8105	2422
4008	2423
6986	2424
719	2425
3325	2426
2999	2427
7504	2428
2284	2429
2435	2430
7381	2431
3797	2432
1984	2433
4208	2434
8667	2435
1433	2436
5699	2437
670	2438
1116	2439
1985	2440
6258	2441
3368	2442
4068	2443
629	2444
3459	2445
7562	2446
7134	2447
9746	2448
9178	2449
9554	2450
2201	2451
9007	2452
6066	2453
3472	2454
1284	2455
4986	2456
1688	2457
1390	2458
8261	2459
8394	2460
2523	2461
1126	2462
7787	2463
3521	2464
8212	2465
7057	2466
8966	2467
4920	2468
293	2469
3110	2470
5132	2471
8684	2472
9529	2473
2250	2474
6863	2475
3254	2476
945	2477
8641	2478
6388	2479
2064	2480
3240	2481
6697	2482
8605	2483
6333	2484
7910	2485
9295	2486
5855	2487
4680	2488
7416	2489
9074	2490
5692	2491
940	2492
7082	2493
3601	2494
6724	2495
668	2496
386	2497
7052	2498
7283	2499
6804	2500
1595	2501
2948	2502
256	2503
3593	2504
4788	2505
9615	2506
5111	2507
9881	2508
5239	2509
3056	2510
9780	2511
2611	2512
6942	2513
6708	2514
8166	2515
548	2516
8886	2517
4160	2518
4955	2519
2801	2520
1628	2521
9200	2522
6272	2523
9568	2524
5899	2525
5683	2526
8598	2527
1014	2528
1245	2529
3261	2530
6320	2531
105	2532
9656	2533
1929	2534
4087	2535
4238	2536
786	2537
8949	2538
5443	2539
2040	2540
8558	2541
8153	2542
4752	2543
2556	2544
3406	2545
5581	2546
3001	2547
1269	2548
6235	2549
5361	2550
2261	2551
1450	2552
3385	2553
5365	2554
6196	2555
5859	2556
4613	2557
6639	2558
8799	2559
6740	2560
9720	2561
2012	2562
4642	2563
4698	2564
8982	2565
199	2566
6167	2567
3639	2568
3537	2569
6821	2570
5286	2571
170	2572
1072	2573
2238	2574
9732	2575
3751	2576
7494	2577
5798	2578
2854	2579
8646	2580
7622	2581
306	2582
8317	2583
124	2584
5716	2585
6295	2586
9790	2587
3556	2588
3670	2589
7559	2590
985	2591
5793	2592
243	2593
9154	2594
6712	2595
5100	2596
1519	2597
4785	2598
2252	2599
749	2600
2991	2601
7607	2602
8530	2603
2686	2604
1640	2605
5984	2606
538	2607
9511	2608
9033	2609
2939	2610
7764	2611
3244	2612
2893	2613
8123	2614
9820	2615
8010	2616
1428	2617
366	2618
5625	2619
4827	2620
9507	2621
3366	2622
247	2623
35	2624
1273	2625
2347	2626
313	2627
7619	2628
7860	2629
234	2630
6648	2631
4432	2632
7778	2633
974	2634
3702	2635
2753	2636
4696	2637
7452	2638
4414	2639
1916	2640
4716	2641
7594	2642
3986	2643
7983	2644
2387	2645
2104	2646
2292	2647
1448	2648
357	2649
361	2650
2837	2651
2186	2652
9050	2653
6324	2654
7336	2655
7446	2656
8143	2657
281	2658
5224	2659
8850	2660
6156	2661
4042	2662
9327	2663
7022	2664
8946	2665
9574	2666
3805	2667
8289	2668
3671	2669
8430	2670
3745	2671
6183	2672
6702	2673
2705	2674
9311	2675
8759	2676
4519	2677
1847	2678
4611	2679
6254	2680
3485	2681
3711	2682
1017	2683
4392	2684
454	2685
8477	2686
6080	2687
5577	2688
1544	2689
6669	2690
1801	2691
1361	2692
6487	2693
5993	2694
9355	2695
1677	2696
7144	2697
8043	2698
3605	2699
6710	2700
6259	2701
3812	2702
3851	2703
8703	2704
5467	2705
5670	2706
1833	2707
7715	2708
4268	2709
8107	2710
9160	2711
7127	2712
8381	2713
6425	2714
9104	2715
1742	2716
4507	2717
8777	2718
1766	2719
4551	2720
2932	2721
231	2722
9859	2723
2702	2724
5452	2725
9463	2726
5904	2727
4638	2728
6622	2729
7289	2730
5947	2731
8910	2732
5645	2733
2536	2734
1543	2735
5804	2736
3585	2737
67	2738
102	2739
4120	2740
5638	2741
7379	2742
15	2743
7534	2744
9777	2745
4495	2746
7695	2747
2754	2748
723	2749
1872	2750
8256	2751
9504	2752
2836	2753
4874	2754
4550	2755
9151	2756
9208	2757
1895	2758
2911	2759
415	2760
5282	2761
2769	2762
736	2763
7976	2764
4233	2765
3236	2766
4942	2767
347	2768
1143	2769
2755	2770
8775	2771
9157	2772
2029	2773
1630	2774
5781	2775
9528	2776
5165	2777
1122	2778
8655	2779
5527	2780
9431	2781
768	2782
3034	2783
4382	2784
159	2785
6179	2786
4614	2787
9743	2788
2363	2789
115	2790
4582	2791
2436	2792
3375	2793
2966	2794
3681	2795
376	2796
3012	2797
258	2798
8037	2799
9354	2800
1300	2801
278	2802
6819	2803
4214	2804
4011	2805
43	2806
8749	2807
7199	2808
7957	2809
493	2810
5214	2811
8710	2812
5892	2813
6296	2814
8825	2815
5995	2816
6573	2817
7750	2818
5234	2819
1670	2820
8588	2821
8009	2822
6834	2823
213	2824
162	2825
3028	2826
6568	2827
1423	2828
1308	2829
4245	2830
1552	2831
5041	2832
7500	2833
8325	2834
713	2835
343	2836
1351	2837
3776	2838
6347	2839
7322	2840
3281	2841
9492	2842
5285	2843
3538	2844
4050	2845
5428	2846
525	2847
9445	2848
566	2849
5396	2850
1718	2851
9371	2852
532	2853
9387	2854
9221	2855
6188	2856
4622	2857
4766	2858
8324	2859
9404	2860
2117	2861
491	2862
4540	2863
4058	2864
5741	2865
4868	2866
5570	2867
7989	2868
2155	2869
2274	2870
9449	2871
5228	2872
9089	2873
7886	2874
5158	2875
1036	2876
2268	2877
5799	2878
2455	2879
157	2880
8434	2881
4873	2882
8969	2883
5853	2884
8080	2885
2914	2886
4434	2887
7215	2888
5640	2889
4817	2890
6649	2891
5465	2892
4941	2893
6795	2894
7225	2895
8687	2896
1564	2897
1107	2898
4473	2899
8974	2900
8628	2901
9097	2902
3139	2903
7413	2904
6721	2905
6579	2906
8402	2907
8022	2908
8093	2909
6913	2910
4027	2911
2961	2912
5069	2913
2192	2914
6130	2915
9425	2916
8896	2917
5426	2918
7191	2919
4136	2920
2895	2921
9367	2922
469	2923
6613	2924
3848	2925
5112	2926
6421	2927
2161	2928
521	2929
2413	2930
5417	2931
51	2932
2059	2933
2776	2934
3357	2935
7195	2936
8389	2937
7141	2938
1485	2939
6094	2940
2054	2941
2682	2942
6597	2943
120	2944
7400	2945
4502	2946
9324	2947
8620	2948
4934	2949
1809	2950
9768	2951
3738	2952
2296	2953
7222	2954
4616	2955
5154	2956
9662	2957
4110	2958
6473	2959
7359	2960
2030	2961
3211	2962
827	2963
4217	2964
5520	2965
8482	2966
9131	2967
8867	2968
3482	2969
185	2970
3547	2971
4059	2972
8830	2973
8943	2974
1520	2975
861	2976
7060	2977
5413	2978
4487	2979
8846	2980
2947	2981
3582	2982
7884	2983
5225	2984
9486	2985
9297	2986
3608	2987
8008	2988
5778	2989
2415	2990
9637	2991
1854	2992
5860	2993
2005	2994
7487	2995
7821	2996
3452	2997
6770	2998
5141	2999
2935	3000
3111	3001
1427	3002
4575	3003
5887	3004
2699	3005
5654	3006
1706	3007
6419	3008
6894	3009
5875	3010
747	3011
3561	3012
6939	3013
5651	3014
6444	3015
2145	3016
6474	3017
9299	3018
9880	3019
8550	3020
9241	3021
6811	3022
4555	3023
7098	3024
4363	3025
3704	3026
3257	3027
553	3028
2273	3029
5241	3030
4304	3031
2026	3032
8404	3033
5658	3034
6753	3035
5871	3036
4566	3037
412	3038
9826	3039
1217	3040
3967	3041
9533	3042
7423	3043
1776	3044
3963	3045
7326	3046
7241	3047
7378	3048
1281	3049
3226	3050
7960	3051
8699	3052
3781	3053
8191	3054
7719	3055
395	3056
4210	3057
2132	3058
2156	3059
1172	3060
8411	3061
6503	3062
1591	3063
3540	3064
1740	3065
326	3066
7338	3067
9538	3068
2805	3069
3988	3070
1899	3071
8242	3072
948	3073
8460	3074
2679	3075
3897	3076
5202	3077
8311	3078
7248	3079
1613	3080
4022	3081
7894	3082
8731	3083
2313	3084
8666	3085
6676	3086
8938	3087
8218	3088
7785	3089
935	3090
965	3091
2124	3092
9229	3093
178	3094
3938	3095
7100	3096
2670	3097
8986	3098
6589	3099
8664	3100
8267	3101
9315	3102
6431	3103
8157	3104
4226	3105
4830	3106
2910	3107
7443	3108
3858	3109
5338	3110
9543	3111
1627	3112
8076	3113
6855	3114
4865	3115
8106	3116
9215	3117
9565	3118
4984	3119
779	3120
7788	3121
1089	3122
8533	3123
4464	3124
7479	3125
3532	3126
7726	3127
5485	3128
946	3129
108	3130
2235	3131
7343	3132
7678	3133
4276	3134
7062	3135
2456	3136
8085	3137
1666	3138
2258	3139
2950	3140
9838	3141
1679	3142
4081	3143
1526	3144
8233	3145
7440	3146
7925	3147
7902	3148
9491	3149
432	3150
1914	3151
1490	3152
4205	3153
4646	3154
2567	3155
9441	3156
5972	3157
5709	3158
3533	3159
5901	3160
4369	3161
8890	3162
8652	3163
3662	3164
1031	3165
7183	3166
4604	3167
1615	3168
5641	3169
8977	3170
3742	3171
4713	3172
2900	3173
3861	3174
1055	3175
4209	3176
87	3177
5101	3178
486	3179
3083	3180
693	3181
6891	3182
972	3183
2254	3184
2823	3185
1331	3186
9069	3187
5715	3188
2703	3189
9806	3190
1262	3191
440	3192
4565	3193
365	3194
2883	3195
5943	3196
1393	3197
8090	3198
6632	3199
4190	3200
991	3201
4860	3202
2237	3203
9457	3204
4979	3205
5646	3206
8707	3207
1496	3208
8281	3209
6586	3210
4512	3211
7969	3212
3272	3213
4675	3214
1775	3215
4949	3216
2048	3217
1836	3218
2191	3219
6909	3220
68	3221
8955	3222
6170	3223
8922	3224
1023	3225
8812	3226
7130	3227
149	3228
7895	3229
2121	3230
8554	3231
8423	3232
8119	3233
841	3234
9803	3235
9702	3236
4741	3237
6152	3238
8770	3239
6452	3240
4514	3241
1596	3242
9475	3243
8479	3244
2461	3245
2986	3246
745	3247
5596	3248
8635	3249
958	3250
6040	3251
1725	3252
5217	3253
2448	3254
1455	3255
5249	3256
2066	3257
5915	3258
9245	3259
1410	3260
9121	3261
7590	3262
9731	3263
21	3264
2806	3265
106	3266
555	3267
4605	3268
5983	3269
2588	3270
3748	3271
7866	3272
6137	3273
4496	3274
356	3275
7040	3276
3271	3277
5924	3278
1302	3279
5180	3280
7198	3281
9286	3282
2418	3283
2246	3284
4630	3285
4491	3286
9013	3287
2698	3288
6346	3289
5585	3290
47	3291
7470	3292
7621	3293
377	3294
3658	3295
9111	3296
4213	3297
7305	3298
7287	3299
3917	3300
1927	3301
7300	3302
6723	3303
1518	3304
4730	3305
8150	3306
9438	3307
6557	3308
4109	3309
9785	3310
9614	3311
571	3312
8180	3313
9055	3314
5673	3315
3594	3316
8223	3317
910	3318
1999	3319
2419	3320
5671	3321
6124	3322
8464	3323
3270	3324
1536	3325
6693	3326
6025	3327
5950	3328
54	3329
8511	3330
37	3331
8333	3332
3877	3333
5690	3334
6191	3335
1160	3336
8174	3337
2297	3338
8800	3339
55	3340
5384	3341
5260	3342
9787	3343
2962	3344
9834	3345
5953	3346
4516	3347
8802	3348
7831	3349
6690	3350
5453	3351
9658	3352
4374	3353
7202	3354
8668	3355
1483	3356
8489	3357
4655	3358
510	3359
6934	3360
60	3361
279	3362
2851	3363
4520	3364
9377	3365
9674	3366
6869	3367
6517	3368
2101	3369
2940	3370
3632	3371
4650	3372
4808	3373
5907	3374
2957	3375
3936	3376
7631	3377
4183	3378
2213	3379
7705	3380
6108	3381
3246	3382
7677	3383
1987	3384
1744	3385
9659	3386
8632	3387
4108	3388
3262	3389
1660	3390
7143	3391
8753	3392
9818	3393
4302	3394
9821	3395
5927	3396
7001	3397
5031	3398
7680	3399
5505	3400
4826	3401
8446	3402
7436	3403
225	3404
5236	3405
7742	3406
3870	3407
1893	3408
6294	3409
9597	3410
6839	3411
9153	3412
5723	3413
2450	3414
1989	3415
2919	3416
8186	3417
4992	3418
501	3419
9070	3420
9698	3421
2926	3422
6996	3423
799	3424
7854	3425
7176	3426
6608	3427
4688	3428
8216	3429
2203	3430
9350	3431
3660	3432
9336	3433
3437	3434
9303	3435
181	3436
7237	3437
1650	3438
89	3439
5751	3440
341	3441
8786	3442
1277	3443
3952	3444
1603	3445
3011	3446
6543	3447
2792	3448
10	3449
2247	3450
6102	3451
7428	3452
963	3453
16	3454
5366	3455
1843	3456
6657	3457
8436	3458
6794	3459
6970	3460
997	3461
8307	3462
7277	3463
4078	3464
8199	3465
8879	3466
9471	3467
1701	3468
7542	3469
8348	3470
5152	3471
2537	3472
3134	3473
6308	3474
2905	3475
5078	3476
2495	3477
8658	3478
8192	3479
3447	3480
4149	3481
5390	3482
5667	3483
4564	3484
8058	3485
4834	3486
9759	3487
4579	3488
6151	3489
9477	3490
4761	3491
888	3492
277	3493
2785	3494
2879	3495
2243	3496
542	3497
308	3498
2177	3499
4779	3500
9744	3501
6654	3502
8035	3503
5857	3504
4518	3505
3566	3506
6991	3507
6532	3508
3667	3509
153	3510
1117	3511
3931	3512
8410	3513
983	3514
5941	3515
3090	3516
2771	3517
3504	3518
9733	3519
6090	3520
443	3521
4971	3522
6128	3523
6217	3524
9083	3525
4418	3526
3923	3527
784	3528
8504	3529
3554	3530
5036	3531
3148	3532
681	3533
5591	3534
4601	3535
5522	3536
3265	3537
3290	3538
9379	3539
8556	3540
5935	3541
6014	3542
7149	3543
7365	3544
2169	3545
8472	3546
5106	3547
5184	3548
2075	3549
448	3550
1276	3551
1010	3552
3791	3553
1777	3554
5244	3555
1808	3556
9648	3557
1258	3558
7544	3559
4683	3560
5148	3561
5	3562
7125	3563
8611	3564
2045	3565
8743	3566
1205	3567
259	3568
1732	3569
6087	3570
914	3571
5385	3572
1825	3573
5521	3574
4357	3575
3463	3576
4923	3577
4839	3578
505	3579
5404	3580
1763	3581
5084	3582
9183	3583
5580	3584
2317	3585
457	3586
8682	3587
2875	3588
15	3589
5601	3590
2693	3591
2001	3592
1827	3593
3826	3594
5299	3595
7317	3596
1582	3597
7250	3598
9020	3599
780	3600
7481	3601
7161	3602
8562	3603
9038	3604
309	3605
8030	3606
4856	3607
9571	3608
5729	3609
7073	3610
7251	3611
3597	3612
3202	3613
8585	3614
5770	3615
1477	3616
6163	3617
4047	3618
2081	3619
5294	3620
2500	3621
2985	3622
437	3623
7771	3624
6430	3625
5711	3626
543	3627
6411	3628
2340	3629
7112	3630
8061	3631
8321	3632
6510	3633
5468	3634
6276	3635
5371	3636
4356	3637
3614	3638
3717	3639
3777	3640
906	3641
1128	3642
1513	3643
2736	3644
5582	3645
6778	3646
9225	3647
2277	3648
3250	3649
4157	3650
9430	3651
6492	3652
9258	3653
8889	3654
7108	3655
3346	3656
3189	3657
7512	3658
13	3659
8579	3660
7868	3661
9715	3662
2858	3663
8440	3664
9428	3665
6442	3666
1873	3667
3267	3668
8453	3669
2421	3670
6575	3671
9348	3672
2552	3673
4838	3674
1804	3675
9877	3676
8965	3677
3648	3678
5105	3679
698	3680
6531	3681
3602	3682
239	3683
9866	3684
3635	3685
4065	3686
5472	3687
1770	3688
8074	3689
1392	3690
7878	3691
1500	3692
5594	3693
8064	3694
8861	3695
2308	3696
7763	3697
1614	3698
9582	3699
4181	3700
875	3701
9767	3702
6215	3703
119	3704
8366	3705
3893	3706
9782	3707
4774	3708
9335	3709
5208	3710
9432	3711
7801	3712
191	3713
1437	3714
1275	3715
4116	3716
7684	3717
3747	3718
2738	3719
1754	3720
2778	3721
9690	3722
2899	3723
7908	3724
2118	3725
69	3726
2295	3727
9393	3728
9231	3729
5319	3730
6136	3731
9040	3732
5431	3733
9700	3734
3021	3735
8353	3736
6498	3737
3214	3738
4492	3739
2194	3740
2824	3741
196	3742
1165	3743
6599	3744
462	3745
78	3746
4481	3747
9603	3748
9124	3749
9629	3750
5653	3751
2307	3752
4378	3753
9480	3754
2400	3755
8257	3756
4018	3757
3105	3758
5325	3759
8936	3760
4146	3761
1856	3762
3209	3763
3984	3764
4662	3765
3394	3766
319	3767
82	3768
3778	3769
396	3770
3323	3771
1202	3772
3367	3773
5243	3774
330	3775
5119	3776
7885	3777
7685	3778
9461	3779
1372	3780
7995	3781
46	3782
7358	3783
2622	3784
81	3785
9761	3786
9321	3787
9389	3788
7565	3789
1416	3790
1597	3791
7537	3792
9756	3793
9139	3794
1326	3795
2920	3796
1588	3797
1734	3798
3409	3799
3945	3800
9419	3801
4585	3802
8942	3803
1328	3804
6807	3805
375	3806
9273	3807
2758	3808
8203	3809
3205	3810
5479	3811
3451	3812
1654	3813
7266	3814
7732	3815
2447	3816
4678	3817
596	3818
475	3819
1682	3820
6416	3821
8019	3822
7994	3823
2043	3824
4886	3825
9592	3826
84	3827
2425	3828
4506	3829
5534	3830
4330	3831
9496	3832
2709	3833
7155	3834
5974	3835
7921	3836
5579	3837
3212	3838
288	3839
7832	3840
1317	3841
245	3842
1296	3843
2329	3844
6261	3845
7907	3846
9277	3847
5714	3848
2136	3849
3634	3850
5697	3851
1286	3852
402	3853
7056	3854
9807	3855
100	3856
435	3857
7297	3858
9091	3859
8383	3860
4433	3861
1067	3862
2936	3863
4864	3864
8565	3865
6941	3866
2746	3867
6606	3868
6264	3869
5053	3870
5040	3871
255	3872
269	3873
3046	3874
5831	3875
8454	3876
2975	3877
2013	3878
6735	3879
6868	3880
6666	3881
8208	3882
5059	3883
1865	3884
500	3885
359	3886
9817	3887
76	3888
6844	3889
444	3890
2098	3891
3509	3892
4466	3893
4069	3894
7385	3895
850	3896
2529	3897
152	3898
2	3899
6120	3900
5149	3901
4991	3902
6092	3903
7206	3904
4412	3905
8341	3906
755	3907
711	3908
4751	3909
8097	3910
1108	3911
675	3912
8651	3913
9187	3914
7285	3915
7814	3916
4658	3917
2454	3918
5407	3919
7639	3920
1250	3921
6987	3922
1868	3923
6197	3924
169	3925
7096	3926
6662	3927
4739	3928
3761	3929
1251	3930
6202	3931
207	3932
7308	3933
4421	3934
8543	3935
9805	3936
1309	3937
8806	3938
9175	3939
2564	3940
6342	3941
6858	3942
8880	3943
8391	3944
3433	3945
63	3946
3944	3947
1311	3948
941	3949
1972	3950
460	3951
9052	3952
4863	3953
5330	3954
5323	3955
598	3956
4474	3957
1931	3958
7193	3959
1902	3960
483	3961
3045	3962
1892	3963
3425	3964
9424	3965
1523	3966
5835	3967
2542	3968
2613	3969
336	3970
732	3971
131	3972
3560	3973
455	3974
6301	3975
2035	3976
3713	3977
9198	3978
3544	3979
6881	3980
4989	3981
9358	3982
4645	3983
4376	3984
9634	3985
4274	3986
4296	3987
2112	3988
9878	3989
6061	3990
7498	3991
5334	3992
1115	3993
6021	3994
4843	3995
4543	3996
7173	3997
5589	3998
1505	3999
5290	4000
6651	4001
9748	4002
1386	4003
1374	4004
5881	4005
8541	4006
4783	4007
9341	4008
8343	4009
7158	4010
7617	4011
6990	4012
4918	4013
5023	4014
99	4015
7720	4016
6641	4017
8592	4018
7524	4019
6640	4020
7042	4021
3730	4022
1802	4023
7482	4024
6232	4025
6022	4026
1230	4027
2644	4028
1610	4029
1092	4030
7456	4031
7966	4032
7010	4033
8036	4034
3125	4035
3723	4036
2783	4037
5550	4038
603	4039
5441	4040
8196	4041
6904	4042
5375	4043
960	4044
3678	4045
8847	4046
337	4047
7583	4048
4368	4049
4400	4050
6536	4051
9665	4052
2896	4053
6694	4054
6992	4055
5738	4056
5979	4057
221	4058
23	4059
367	4060
8350	4061
9314	4062
6580	4063
5888	4064
6231	4065
1147	4066
4802	4067
9376	4068
4307	4069
2651	4070
5358	4071
1357	4072
275	4073
9695	4074
5541	4075
4793	4076
1338	4077
5868	4078
2796	4079
270	4080
8674	4081
7752	4082
2520	4083
874	4084
8346	4085
1333	4086
8722	4087
1454	4088
7889	4089
3439	4090
1127	4091
6802	4092
8458	4093
1609	4094
3200	4095
2712	4096
8322	4097
3900	4098
3049	4099
3027	4100
691	4101
3432	4102
6016	4103
4494	4104
3182	4105
5360	4106
7812	4107
34	4108
7153	4109
4610	4110
7935	4111
9862	4112
2821	4113
3324	4114
4782	4115
3863	4116
8897	4117
2600	4118
680	4119
1162	4120
5351	4121
6660	4122
9201	4123
862	4124
806	4125
9410	4126
9587	4127
3091	4128
5172	4129
3942	4130
6476	4131
2108	4132
438	4133
4196	4134
9300	4135
9342	4136
3762	4137
5169	4138
9792	4139
4462	4140
5163	4141
44	4142
4973	4143
5054	4144
5849	4145
3515	4146
834	4147
5705	4148
7172	4149
973	4150
2288	4151
3441	4152
5399	4153
4235	4154
9721	4155
3798	4156
1404	4157
2056	4158
5964	4159
2619	4160
1105	4161
55	4162
165	4163
6321	4164
32	4165
2843	4166
3331	4167
4314	4168
4701	4169
5339	4170
2372	4171
1	4172
3103	4173
1266	4174
1037	4175
9242	4176
5349	4177
8701	4178
3445	4179
4784	4180
5578	4181
2831	4182
1307	4183
9626	4184
9287	4185
2027	4186
9267	4187
2657	4188
7492	4189
2945	4190
6635	4191
7518	4192
9332	4193
4371	4194
25	4195
8807	4196
5271	4197
8811	4198
8319	4199
2662	4200
8584	4201
9364	4202
9202	4203
5233	4204
222	4205
895	4206
4114	4207
6769	4208
3123	4209
7597	4210
3227	4211
6297	4212
8798	4213
2566	4214
8993	4215
8463	4216
2539	4217
2299	4218
5955	4219
9481	4220
9670	4221
8619	4222
2977	4223
5627	4224
111	4225
9262	4226
7753	4227
148	4228
6044	4229
3031	4230
9883	4231
6581	4232
7034	4233
1132	4234
2814	4235
4193	4236
9182	4237
7710	4238
7857	4239
3048	4240
1125	4241
4321	4242
6808	4243
5395	4244
3449	4245
8960	4246
73	4247
9440	4248
321	4249
508	4250
6281	4251
6306	4252
1578	4253
2507	4254
5364	4255
284	4256
4026	4257
8025	4258
4043	4259
7192	4260
1191	4261
164	4262
5469	4263
8403	4264
9067	4265
5121	4266
825	4267
8184	4268
2716	4269
6761	4270
6045	4271
4095	4272
3883	4273
6495	4274
4483	4275
5721	4276
1370	4277
7938	4278
9137	4279
8615	4280
6809	4281
859	4282
592	4283
1771	4284
4893	4285
123	4286
558	4287
7028	4288
1375	4289
7999	4290
9873	4291
9238	4292
8608	4293
401	4294
7247	4295
7059	4296
7361	4297
1169	4298
5900	4299
8654	4300
9728	4301
6647	4302
9530	4303
4524	4304
4511	4305
3266	4306
1279	4307
267	4308
5008	4309
858	4310
5885	4311
9874	4312
2740	4313
5878	4314
7420	4315
7119	4316
2594	4317
34	4318
8871	4319
7575	4320
4282	4321
3051	4322
1541	4323
2683	4324
4229	4325
5127	4326
93	4327
88	4328
5814	4329
5297	4330
3754	4331
2348	4332
2846	4333
717	4334
6976	4335
1834	4336
8298	4337
7331	4338
2463	4339
6119	4340
956	4341
4723	4342
2205	4343
6505	4344
7852	4345
3336	4346
4023	4347
5675	4348
91	4349
6343	4350
7104	4351
9356	4352
4669	4353
9639	4354
5879	4355
4855	4356
2360	4357
8115	4358
8136	4359
6133	4360
6098	4361
7626	4362
5903	4363
6714	4364
6447	4365
5891	4366
7303	4367
2506	4368
955	4369
8512	4370
6062	4371
3511	4372
5353	4373
104	4374
5346	4375
6566	4376
7747	4377
636	4378
515	4379
4879	4380
2541	4381
3559	4382
3879	4383
1057	4384
5092	4385
1494	4386
4957	4387
7525	4388
7019	4389
718	4390
3499	4391
2049	4392
3040	4393
17	4394
9084	4395
7469	4396
8766	4397
422	4398
9176	4399
1975	4400
8987	4401
6417	4402
6892	4403
6583	4404
3847	4405
5067	4406
2774	4407
8624	4408
99	4409
7387	4410
262	4411
6285	4412
8110	4413
8912	4414
3147	4415
6437	4416
5187	4417
3035	4418
4187	4419
5211	4420
8768	4421
9251	4422
8040	4423
8047	4424
8686	4425
3567	4426
876	4427
4387	4428
6880	4429
5631	4430
4787	4431
4634	4432
9184	4433
6576	4434
1584	4435
7035	4436
282	4437
4249	4438
1768	4439
9381	4440
1018	4441
8757	4442
7412	4443
8728	4444
7501	4445
3079	4446
5276	4447
3865	4448
9813	4449
5433	4450
912	4451
4129	4452
2457	4453
32	4454
7175	4455
5262	4456
769	4457
6226	4458
5190	4459
3753	4460
3788	4461
1702	4462
5843	4463
886	4464
8400	4465
9180	4466
2630	4467
9735	4468
1751	4469
2338	4470
3395	4471
9654	4472
2757	4473
5877	4474
7636	4475
611	4476
1265	4477
4393	4478
1006	4479
188	4480
742	4481
6110	4482
4099	4483
5273	4484
7275	4485
7000	4486
7461	4487
9701	4488
7588	4489
9566	4490
8367	4491
781	4492
9540	4493
3633	4494
7755	4495
9609	4496
8104	4497
1935	4498
9325	4499
9717	4500
9696	4501
9576	4502
1502	4503
8045	4504
1890	4505
6550	4506
5712	4507
7810	4508
5400	4509
1325	4510
9564	4511
3022	4512
6646	4513
406	4514
3572	4515
48	4516
2531	4517
2595	4518
4803	4519
250	4520
7901	4521
6838	4522
3115	4523
1882	4524
7263	4525
4145	4526
6114	4527
6509	4528
7107	4529
8741	4530
5864	4531
1049	4532
7653	4533
5852	4534
3279	4535
5263	4536
4318	4537
5422	4538
4574	4539
6162	4540
3054	4541
3372	4542
3589	4543
5118	4544
6453	4545
7216	4546
3063	4547
8778	4548
4071	4549
4581	4550
3278	4551
4188	4552
4819	4553
7178	4554
7357	4555
5602	4556
9323	4557
1141	4558
2111	4559
3248	4560
2482	4561
4558	4562
3362	4563
4875	4564
3558	4565
89	4566
7845	4567
3172	4568
3491	4569
1669	4570
3337	4571
744	4572
4100	4573
3981	4574
3809	4575
3353	4576
7578	4577
1222	4578
4866	4579
4908	4580
325	4581
8225	4582
9623	4583
8	4584
9766	4585
1310	4586
2122	4587
8838	4588
2475	4589
7031	4590
7087	4591
8407	4592
5232	4593
1052	4594
569	4595
8716	4596
7657	4597
6224	4598
2341	4599
1334	4600
8583	4601
39	4602
2726	4603
5707	4604
1403	4605
547	4606
2646	4607
2232	4608
9482	4609
261	4610
2560	4611
5020	4612
7585	4613
8158	4614
2280	4615
2546	4616
224	4617
9043	4618
5559	4619
3255	4620
6736	4621
1906	4622
7048	4623
609	4624
8840	4625
8478	4626
873	4627
9219	4628
77	4629
4153	4630
9209	4631
5615	4632
6706	4633
2748	4634
3657	4635
7085	4636
8551	4637
2525	4638
1367	4639
492	4640
9117	4641
4334	4642
7529	4643
7911	4644
3436	4645
7159	4646
7273	4647
5247	4648
1783	4649
782	4650
7086	4651
5886	4652
7773	4653
4179	4654
9570	4655
4331	4656
6675	4657
5183	4658
8501	4659
1784	4660
8358	4661
2676	4662
3002	4663
685	4664
3982	4665
7548	4666
6135	4667
9080	4668
8968	4669
5150	4670
7135	4671
9331	4672
9534	4673
27	4674
4098	4675
5643	4676
3810	4677
9172	4678
6975	4679
8469	4680
1673	4681
6817	4682
8702	4683
721	4684
1710	4685
9816	4686
9667	4687
8578	4688
107	4689
8214	4690
4956	4691
3065	4692
5731	4693
4734	4694
27	4695
5007	4696
7665	4697
2318	4698
1772	4699
2063	4700
3991	4701
8644	4702
7295	4703
4002	4704
6961	4705
2532	4706
1044	4707
3800	4708
8536	4709
3218	4710
1955	4711
177	4712
9548	4713
2219	4714
5009	4715
897	4716
2018	4717
1905	4718
1225	4719
1198	4720
5116	4721
5201	4722
619	4723
4301	4724
2152	4725
8121	4726
1835	4727
3230	4728
4885	4729
6524	4730
5691	4731
1967	4732
5142	4733
1815	4734
4070	4735
7039	4736
5542	4737
5816	4738
215	4739
6837	4740
2185	4741
5719	4742
2700	4743
4562	4744
539	4745
1384	4746
6032	4747
4034	4748
6570	4749
1051	4750
445	4751
3976	4752
8962	4753
26	4754
4141	4755
2354	4756
5206	4757
4978	4758
3025	4759
918	4760
7006	4761
8994	4762
2332	4763
4505	4764
2661	4765
2323	4766
3004	4767
8884	4768
2215	4769
2956	4770
4612	4771
7465	4772
3739	4773
6035	4774
682	4775
8243	4776
8442	4777
4122	4778
8372	4779
1569	4780
8118	4781
9825	4782
9641	4783
3401	4784
6067	4785
9594	4786
78	4787
9472	4788
8631	4789
1860	4790
2707	4791
5524	4792
9704	4793
2759	4794
7652	4795
2981	4796
98	4797
142	4798
1966	4799
1957	4800
818	4801
6905	4802
2553	4803
3243	4804
8354	4805
4882	4806
2345	4807
5486	4808
2916	4809
4017	4810
2382	4811
7257	4812
6900	4813
9177	4814
7389	4815
5914	4816
2222	4817
5757	4818
3055	4819
1717	4820
6293	4821
7491	4822
3219	4823
4877	4824
6616	4825
934	4826
5491	4827
1078	4828
28	4829
3024	4830
5635	4831
5562	4832
534	4833
2233	4834
7002	4835
797	4836
3359	4837
2626	4838
8568	4839
2162	4840
7409	4841
7058	4842
3039	4843
8179	4844
2023	4845
4894	4846
8046	4847
2625	4848
1071	4849
8485	4850
3356	4851
236	4852
2528	4853
2488	4854
8273	4855
3143	4856
6486	4857
1177	4858
4905	4859
472	4860
7865	4861
1474	4862
4194	4863
2665	4864
4439	4865
4485	4866
9152	4867
1435	4868
2082	4869
8901	4870
8251	4871
1662	4872
962	4873
9607	4874
2517	4875
5647	4876
5466	4877
5320	4878
5098	4879
2692	4880
6705	4881
9577	4882
6243	4883
3576	4884
3821	4885
394	4886
9843	4887
6864	4888
8206	4889
2327	4890
8177	4891
3641	4892
7722	4893
5665	4894
3665	4895
8465	4896
7800	4897
3617	4898
7072	4899
1939	4900
2103	4901
1287	4902
3386	4903
9804	4904
7611	4905
1264	4906
6630	4907
2634	4908
614	4909
3203	4910
9211	4911
3549	4912
4028	4913
8576	4914
9644	4915
1875	4916
1821	4917
7833	4918
5539	4919
9572	4920
2167	4921
8816	4922
1237	4923
8220	4924
340	4925
6041	4926
3901	4927
9562	4928
4832	4929
8007	4930
9057	4931
618	4932
2767	4933
7545	4934
2298	4935
1977	4936
572	4937
3348	4938
702	4939
2585	4940
2489	4941
4497	4942
514	4943
3629	4944
4844	4945
298	4946
76	4947
8514	4948
3862	4949
6141	4950
1157	4951
3619	4952
8263	4953
7026	4954
9048	4955
7131	4956
382	4957
4237	4958
7264	4959
9716	4960
6865	4961
8769	4962
4853	4963
6572	4964
9612	4965
126	4966
7872	4967
6563	4968
4619	4969
3378	4970
792	4971
712	4972
4526	4973
2660	4974
4077	4975
1212	4976
7196	4977
9535	4978
6626	4979
8617	4980
8443	4981
1190	4982
4198	4983
8229	4984
714	4985
4744	4986
4545	4987
3026	4988
7961	4989
7016	4990
6701	4991
8038	4992
7145	4993
4025	4994
4842	4995
1446	4996
230	4997
8092	4998
3838	4999
5137	5000
3006	5001
7581	5002
9727	5003
6125	5004
8755	5005
372	5006
8577	5007
8834	5008
228	5009
8647	5010
4653	5011
709	5012
8405	5013
3714	5014
3068	5015
795	5016
439	5017
144	5018
9563	5019
6440	5020
7760	5021
2440	5022
8275	5023
2352	5024
4814	5025
3044	5026
6118	5027
4902	5028
8099	5029
507	5030
3225	5031
8349	5032
2315	5033
6585	5034
3708	5035
787	5036
163	5037
1453	5038
2733	5039
5181	5040
7152	5041
1239	5042
7156	5043
2663	5044
8384	5045
7239	5046
4127	5047
3570	5048
1810	5049
4553	5050
773	5051
8572	5052
1896	5053
1150	5054
5380	5055
3069	5056
7415	5057
7781	5058
4641	5059
354	5060
3729	5061
6387	5062
8016	5063
1099	5064
2127	5065
5046	5066
6704	5067
950	5068
6222	5069
3773	5070
2980	5071
3920	5072
1464	5073
1616	5074
7882	5075
848	5076
9650	5077
7789	5078
8475	5079
1175	5080
7955	5081
7947	5082
4699	5083
657	5084
3609	5085
952	5086
4937	5087
8984	5088
8197	5089
8976	5090
4360	5091
413	5092
4223	5093
2501	5094
7483	5095
3377	5096
3630	5097
8903	5098
7836	5099
6968	5100
6423	5101
3141	5102
9204	5103
5960	5104
9760	5105
8639	5106
5011	5107
110	5108
1606	5109
3347	5110
398	5111
2889	5112
6685	5113
3689	5114
8129	5115
7261	5116
3966	5117
8183	5118
3995	5119
7390	5120
1665	5121
4399	5122
1749	5123
4	5124
843	5125
9394	5126
1758	5127
3391	5128
8187	5129
3606	5130
3911	5131
9522	5132
5737	5133
6287	5134
7226	5135
5706	5136
7817	5137
7259	5138
7090	5139
9750	5140
3996	5141
2499	5142
1394	5143
1365	5144
4903	5145
2293	5146
8944	5147
8237	5148
3322	5149
3169	5150
7612	5151
740	5152
5747	5153
6907	5154
4366	5155
1163	5156
6381	5157
1747	5158
7701	5159
4738	5160
6870	5161
1689	5162
5842	5163
4907	5164
6631	5165
638	5166
8362	5167
3364	5168
5458	5169
4457	5170
1889	5171
3464	5172
7372	5173
4577	5174
7186	5175
800	5176
6754	5177
5961	5178
1144	5179
4858	5180
7168	5181
5062	5182
7904	5183
3573	5184
5783	5185
878	5186
8563	5187
62	5188
9742	5189
5694	5190
6886	5191
5377	5192
7666	5193
3389	5194
1642	5195
5657	5196
7103	5197
3220	5198
6317	5199
1992	5200
4142	5201
8292	5202
2832	5203
6655	5204
4767	5205
5512	5206
1408	5207
4489	5208
3647	5209
6822	5210
2550	5211
6034	5212
2745	5213
9618	5214
1015	5215
3285	5216
7139	5217
7587	5218
8564	5219
2302	5220
5072	5221
4250	5222
9105	5223
2334	5224
68	5225
3775	5226
9497	5227
2820	5228
7433	5229
1349	5230
1926	5231
9575	5232
8788	5233
1664	5234
1458	5235
809	5236
8159	5237
8313	5238
7746	5239
1638	5240
7694	5241
9827	5242
1726	5243
4598	5244
3264	5245
1988	5246
7948	5247
2371	5248
8401	5249
591	5250
3933	5251
6349	5252
60	5253
1729	5254
4415	5255
6177	5256
8213	5257
4521	5258
3661	5259
7815	5260
9455	5261
2649	5262
1469	5263
7642	5264
7038	5265
7731	5266
4945	5267
9453	5268
6458	5269
8709	5270
33	5271
5513	5272
7533	5273
9557	5274
2445	5275
6922	5276
7871	5277
551	5278
3551	5279
4332	5280
9514	5281
8858	5282
6475	5283
2343	5284
9296	5285
6031	5286
6355	5287
8851	5288
8532	5289
8339	5290
6680	5291
3673	5292
4168	5293
3757	5294
8048	5295
3474	5296
4851	5297
4586	5298
4969	5299
5902	5300
71	5301
6831	5302
3082	5303
70	5304
7521	5305
6257	5306
7553	5307
8997	5308
8054	5309
7880	5310
690	5311
9372	5312
5435	5313
7382	5314
5094	5315
6393	5316
6024	5317
4845	5318
6664	5319
9021	5320
6380	5321
4781	5322
5733	5323
2144	5324
3785	5325
6872	5326
7188	5327
8895	5328
292	5329
4720	5330
5679	5331
9029	5332
447	5333
7455	5334
730	5335
1170	5336
954	5337
1241	5338
3104	5339
8842	5340
2906	5341
6882	5342
6856	5343
579	5344
3957	5345
1951	5346
1248	5347
5652	5348
5797	5349
2479	5350
8368	5351
5416	5352
5356	5353
9165	5354
6607	5355
6974	5356
8603	5357
4544	5358
9411	5359
9611	5360
2527	5361
8677	5362
1624	5363
9569	5364
3852	5365
187	5366
3970	5367
1532	5368
405	5369
7129	5370
7563	5371
485	5372
7573	5373
3914	5374
83	5375
9025	5376
3956	5377
470	5378
3175	5379
4796	5380
6039	5381
8	5382
4038	5383
3709	5384
5051	5385
9079	5386
8863	5387
1492	5388
65	5389
3269	5390
7427	5391
5138	5392
9194	5393
8521	5394
1451	5395
7968	5396
4791	5397
6983	5398
7160	5399
198	5400
52	5401
7341	5402
393	5403
9606	5404
7941	5405
6745	5406
3315	5407
5275	5408
4509	5409
9495	5410
467	5411
3363	5412
607	5413
1221	5414
6050	5415
2384	5416
3381	5417
3790	5418
4625	5419
8665	5420
4040	5421
64	5422
8630	5423
3841	5424
2153	5425
7476	5426
7020	5427
6738	5428
6551	5429
3330	5430
242	5431
374	5432
2628	5433
7848	5434
8152	5435
9064	5436
103	5437
9525	5438
1869	5439
9232	5440
7864	5441
5782	5442
2224	5443
4530	5444
2476	5445
5801	5446
2021	5447
8616	5448
1696	5449
9316	5450
4440	5451
2573	5452
9722	5453
5565	5454
290	5455
9400	5456
898	5457
6175	5458
58	5459
8340	5460
2365	5461
4571	5462
8439	5463
6375	5464
5571	5465
1641	5466
8276	5467
4294	5468
6978	5469
1752	5470
8335	5471
3514	5472
6884	5473
8813	5474
585	5475
3454	5476
1371	5477
6997	5478
7181	5479
6727	5480
7600	5481
6906	5482
1788	5483
3263	5484
4960	5485
5115	5486
3934	5487
3159	5488
9122	5489
5088	5490
1994	5491
1510	5492
9378	5493
530	5494
1499	5495
6867	5496
9313	5497
1320	5498
1947	5499
4657	5500
5686	5501
5440	5502
6749	5503
6957	5504
3801	5505
5421	5506
1282	5507
6470	5508
5102	5509
5471	5510
9788	5511
1830	5512
2200	5513
6633	5514
6434	5515
9465	5516
1521	5517
6150	5518
746	5519
8983	5520
9026	5521
759	5522
9879	5523
8587	5524
9233	5525
7649	5526
5812	5527
7340	5528
2737	5529
8012	5530
2763	5531
3	5532
1343	5533
7147	5534
1353	5535
9106	5536
4587	5537
5768	5538
3850	5539
6065	5540
1952	5541
7727	5542
8326	5543
6816	5544
8392	5545
903	5546
9833	5547
388	5548
5554	5549
6707	5550
174	5551
2960	5552
9604	5553
3184	5554
3584	5555
1193	5556
9812	5557
8582	5558
141	5559
1684	5560
6898	5561
7802	5562
312	5563
8719	5564
577	5565
4694	5566
7739	5567
7823	5568
2786	5569
11	5570
6358	5571
3317	5572
3822	5573
4823	5574
1822	5575
79	5576
7816	5577
8449	5578
7549	5579
3258	5580
7267	5581
7772	5582
6911	5583
1574	5584
30	5585
3390	5586
8154	5587
9755	5588
7398	5589
9142	5590
2565	5591
9613	5592
1104	5593
6792	5594
8714	5595
9144	5596
5823	5597
8336	5598
9503	5599
5965	5600
4067	5601
7892	5602
4218	5603
5727	5604
6624	5605
6461	5606
1715	5607
4763	5608
5274	5609
3506	5610
5071	5611
5754	5612
2389	5613
5434	5614
9832	5615
9781	5616
100	5617
2608	5618
2170	5619
1068	5620
2609	5621
4735	5622
916	5623
6854	5624
5066	5625
1429	5626
7967	5627
2319	5628
1958	5629
122	5630
7017	5631
8426	5632
1260	5633
9059	5634
1405	5635
4423	5636
8496	5637
7169	5638
2375	5639
315	5640
7102	5641
5567	5642
6689	5643
2172	5644
4626	5645
9128	5646
43	5647
1110	5648
7405	5649
4628	5650
8873	5651
4062	5652
672	5653
5717	5654
4569	5655
8173	5656
9719	5657
1540	5658
1321	5659
1329	5660
3743	5661
3480	5662
5985	5663
5021	5664
7679	5665
2579	5666
498	5667
826	5668
6017	5669
57	5670
8516	5671
7979	5672
5042	5673
2522	5674
5261	5675
4731	5676
1695	5677
1769	5678
2068	5679
8006	5680
4900	5681
6422	5682
7714	5683
9434	5684
8782	5685
842	5686
8676	5687
8549	5688
6109	5689
8862	5690
3873	5691
4812	5692
7099	5693
8932	5694
1837	5695
7439	5696
1949	5697
7796	5698
5409	5699
9243	5700
7304	5701
7807	5702
3868	5703
8227	5704
5808	5705
9711	5706
1779	5707
3669	5708
1401	5709
6889	5710
4465	5711
6369	5712
766	5713
5682	5714
8279	5715
8352	5716
5304	5717
8078	5718
2970	5719
4041	5720
2053	5721
8700	5722
2437	5723
1960	5724
5609	5725
1283	5726
1589	5727
7217	5728
5446	5729
2963	5730
7045	5731
1622	5732
9828	5733
5060	5734
1945	5735
9360	5736
4239	5737
9849	5738
351	5739
8522	5740
5684	5741
8266	5742
8239	5743
4132	5744
8377	5745
1829	5746
8215	5747
6998	5748
5973	5749
1623	5750
9403	5751
513	5752
1741	5753
4911	5754
1438	5755
59	5756
1785	5757
6841	5758
1154	5759
8894	5760
1604	5761
2094	5762
1545	5763
8513	5764
7126	5765
8689	5766
6019	5767
2632	5768
137	5769
1643	5770
1658	5771
8883	5772
5212	5773
4463	5774
92	5775
3705	5776
3915	5777
4451	5778
4689	5779
2978	5780
113	5781
562	5782
2374	5783
3109	5784
7686	5785
865	5786
8685	5787
4060	5788
7232	5789
2729	5790
1267	5791
5378	5792
4748	5793
7502	5794
1019	5795
2512	5796
6030	5797
7233	5798
8526	5799
1652	5800
218	5801
3440	5802
6561	5803
9545	5804
1840	5805
8547	5806
3461	5807
1991	5808
6842	5809
3405	5810
4568	5811
6326	5812
2505	5813
2412	5814
1178	5815
9044	5816
5551	5817
6192	5818
1983	5819
7893	5820
6512	5821
5193	5822
7344	5823
6938	5824
6365	5825
8952	5826
4667	5827
5357	5828
7531	5829
7078	5830
5230	5831
54	5832
640	5833
2730	5834
5938	5835
8612	5836
2955	5837
7327	5838
5079	5839
9053	5840
1440	5841
3792	5842
868	5843
7986	5844
4660	5845
8790	5846
3937	5847
7399	5848
5044	5849
3190	5850
2007	5851
3129	5852
4255	5853
5221	5854
5386	5855
1887	5856
3518	5857
1142	5858
6825	5859
8226	5860
8431	5861
6303	5862
7339	5863
7496	5864
3276	5865
4805	5866
8803	5867
6903	5868
4522	5869
7278	5870
2596	5871
5161	5872
8538	5873
4895	5874
6765	5875
7599	5876
9171	5877
6973	5878
7571	5879
4230	5880
6912	5881
1680	5882
6558	5883
7551	5884
8548	5885
6995	5886
1253	5887
7873	5888
6521	5889
8259	5890
7718	5891
20	5892
593	5893
4080	5894
1824	5895
6311	5896
6796	5897
3099	5898
6746	5899
8917	5900
7122	5901
7858	5902
2260	5903
5990	5904
7944	5905
3467	5906
1910	5907
9268	5908
7530	5909
9408	5910
3592	5911
9691	5912
617	5913
6361	5914
7987	5915
635	5916
6405	5917
311	5918
8126	5919
6803	5920
41	5921
1399	5922
2356	5923
7426	5924
625	5925
3953	5926
1043	5927
8774	5928
9076	5929
1938	5930
8633	5931
981	5932
1289	5933
3676	5934
9580	5935
7105	5936
6052	5937
7234	5938
8546	5939
5759	5940
2511	5941
6298	5942
7404	5943
5029	5944
1498	5945
631	5946
3568	5947
5656	5948
2773	5949
1671	5950
2473	5951
2050	5952
7319	5953
459	5954
2423	5955
2245	5956
8971	5957
9417	5958
3872	5959
2410	5960
845	5961
9329	5962
4389	5963
509	5964
4742	5965
8591	5966
561	5967
785	5968
1376	5969
6739	5970
7933	5971
5037	5972
7897	5973
1022	5974
4733	5975
7532	5976
2438	5977
9228	5978
103	5979
7332	5980
7736	5981
3613	5982
6064	5983
4398	5984
3887	5985
6099	5986
9071	5987
3156	5988
4591	5989
1750	5990
7570	5991
8415	5992
2695	5993
6893	5994
2886	5995
1863	5996
7454	5997
5203	5998
6546	5999
4159	6000
9688	6001
927	6002
727	6003
4380	6004
8023	6005
5617	6006
1723	6007
1943	6008
3126	6009
2598	6010
9	6011
9591	6012
735	6013
9380	6014
268	6015
6186	6016
2648	6017
1509	6018
3086	6019
2325	6020
6984	6021
3328	6022
4125	6023
6716	6024
1088	6025
7863	6026
1813	6027
5450	6028
511	6029
4096	6030
7634	6031
24	6032
7557	6033
1482	6034
1685	6035
1086	6036
1655	6037
4021	6038
5572	6039
3881	6040
9305	6041
5772	6042
2269	6043
3507	6044
9345	6045
7118	6046
1362	6047
8014	6048
1583	6049
16	6050
1911	6051
3150	6052
1575	6053
74	6054
3249	6055
2309	6056
6467	6057
757	6058
451	6059
8024	6060
5473	6061
1937	6062
1501	6063
1303	6064
7180	6065
6464	6066
5518	6067
2065	6068
739	6069
5376	6070
3201	6071
263	6072
5931	6073
1236	6074
9848	6075
5792	6076
805	6077
6340	6078
3481	6079
987	6080
2691	6081
4906	6082
3750	6083
1965	6084
9135	6085
3462	6086
171	6087
4388	6088
9077	6089
3659	6090
6391	6091
1819	6092
5848	6093
6617	6094
1396	6095
1959	6096
3466	6097
9640	6098
2969	6099
3295	6100
75	6101
5383	6102
1535	6103
8959	6104
1065	6105
2100	6106
2376	6107
2958	6108
7116	6109
6395	6110
7190	6111
5186	6112
4359	6113
5803	6114
1514	6115
7692	6116
8483	6117
1877	6118
6205	6119
8081	6120
520	6121
2337	6122
8607	6123
285	6124
2120	6125
6468	6126
1000	6127
3782	6128
1153	6129
6933	6130
5033	6131
7676	6132
3552	6133
7667	6134
344	6135
8131	6136
9041	6137
7097	6138
9162	6139
7163	6140
9589	6141
8375	6142
6079	6143
4126	6144
2478	6145
605	6146
2563	6147
2074	6148
8315	6149
1042	6150
7421	6151
1918	6152
7574	6153
3935	6154
4508	6155
5776	6156
3892	6157
2431	6158
6750	6159
6463	6160
6682	6161
1846	6162
3999	6163
2780	6164
1021	6165
5740	6166
6398	6167
5085	6168
624	6169
5131	6170
5218	6171
1511	6172
5139	6173
6890	6174
7079	6175
8201	6176
4953	6177
237	6178
3691	6179
3319	6180
4075	6181
1885	6182
1387	6183
9334	6184
5689	6185
7128	6186
2408	6187
7292	6188
9213	6189
3621	6190
6636	6191
3064	6192
1968	6193
8057	6194
305	6195
6060	6196
2128	6197
2696	6198
7775	6199
5124	6200
6363	6201
93	6202
2871	6203
3420	6204
8736	6205
5108	6206
4240	6207
7975	6208
2799	6209
6402	6210
659	6211
6397	6212
7123	6213
1235	6214
8517	6215
936	6216
168	6217
3625	6218
2519	6219
2554	6220
9239	6221
2433	6222
9703	6223
9443	6224
1560	6225
8856	6226
3138	6227
2491	6228
8780	6229
9265	6230
4697	6231
6145	6232
5939	6233
7776	6234
5917	6235
1661	6236
1038	6237
7698	6238
665	6239
794	6240
7780	6241
4370	6242
9068	6243
2335	6244
9676	6245
3616	6246
6519	6247
6785	6248
802	6249
6277	6250
8510	6251
2732	6252
53	6253
9283	6254
1136	6255
3760	6256
9185	6257
4085	6258
6147	6259
2794	6260
4772	6261
6459	6262
7401	6263
2390	6264
6305	6265
6056	6266
8120	6267
4513	6268
5090	6269
6352	6270
9484	6271
6741	6272
6478	6273
7015	6274
9188	6275
2272	6276
7952	6277
5374	6278
2088	6279
6445	6280
7441	6281
6732	6282
8234	6283
3298	6284
1009	6285
1814	6286
4020	6287
2559	6288
5926	6289
3299	6290
4624	6291
8681	6292
2301	6293
1139	6294
3542	6295
3100	6296
656	6297
9458	6298
1151	6299
2558	6300
9249	6301
8034	6302
4800	6303
6699	6304
3057	6305
3221	6306
4926	6307
6791	6308
9593	6309
6318	6310
9045	6311
1439	6312
192	6313
10	6314
7988	6315
1090	6316
3969	6317
7803	6318
7165	6319
1806	6320
4862	6321
371	6322
5456	6323
9517	6324
3195	6325
1467	6326
6304	6327
557	6328
4765	6329
29	6330
257	6331
3253	6332
7875	6333
3824	6334
6797	6335
2547	6336
3383	6337
7992	6338
6935	6339
9088	6340
2328	6341
6862	6342
8831	6343
5497	6344
2711	6345
7484	6346
8042	6347
1956	6348
9119	6349
8491	6350
2368	6351
2109	6352
6051	6353
5253	6354
6002	6355
478	6356
9622	6357
7777	6358
9500	6359
9174	6360
3895	6361
9616	6362
6650	6363
8828	6364
3050	6365
4804	6366
9436	6367
5207	6368
425	6369
463	6370
2603	6371
6788	6372
8789	6373
3891	6374
9281	6375
9628	6376
5742	6377
2713	6378
5526	6379
9109	6380
1421	6381
5064	6382
175	6383
6490	6384
3403	6385
3997	6386
8067	6387
6043	6388
6383	6389
7475	6390
7276	6391
6806	6392
3726	6393
5222	6394
8822	6395
5087	6396
8193	6397
3000	6398
155	6399
2291	6400
3531	6401
1301	6402
4974	6403
2181	6404
1366	6405
1082	6406
6921	6407
9505	6408
4139	6409
7540	6410
3153	6411
2849	6412
3962	6413
2859	6414
7	6415
6015	6416
6818	6417
6429	6418
6598	6419
6845	6420
6451	6421
81	6422
5114	6423
3428	6424
5444	6425
4115	6426
2885	6427
8916	6428
8224	6429
4244	6430
8645	6431
4887	6432
7036	6433
5120	6434
5287	6435
2397	6436
138	6437
2331	6438
5448	6439
3197	6440
3332	6441
5896	6442
887	6443
4547	6444
1961	6445
5661	6446
480	6447
8318	6448
8236	6449
4327	6450
320	6451
7978	6452
1573	6453
8493	6454
1618	6455
1373	6456
5629	6457
1504	6458
5176	6459
5948	6460
9778	6461
6249	6462
3903	6463
2616	6464
381	6465
9638	6466
5613	6467
5980	6468
1074	6469
1470	6470
3675	6471
2599	6472
6874	6473
3015	6474
1292	6475
1388	6476
7197	6477
6140	6478
29	6479
8238	6480
2266	6481
9686	6482
1647	6483
5996	6484
1793	6485
30	6486
1219	6487
9739	6488
4824	6489
4258	6490
172	6491
5806	6492
9753	6493
428	6494
3468	6495
3311	6496
1471	6497
2568	6498
450	6499
4101	6500
3379	6501
6010	6502
9758	6503
8596	6504
705	6505
8347	6506
1246	6507
5988	6508
9814	6509
9668	6510
4072	6511
9596	6512
9835	6513
7954	6514
2193	6515
584	6516
819	6517
5061	6518
4679	6519
2521	6520
8697	6521
9189	6522
7077	6523
83	6524
1436	6525
9860	6526
3628	6527
8826	6528
4618	6529
7364	6530
3124	6531
5329	6532
7091	6533
1007	6534
7874	6535
6840	6536
1694	6537
2827	6538
3985	6539
1537	6540
2165	6541
2927	6542
9671	6543
9363	6544
4001	6545
5025	6546
7207	6547
1182	6548
271	6549
4687	6550
1866	6551
4024	6552
4639	6553
8462	6554
4083	6555
4403	6556
6757	6557
4340	6558
2715	6559
8029	6560
7593	6561
9046	6562
3446	6563
3344	6564
7940	6565
1697	6566
1849	6567
1206	6568
1942	6569
5219	6570
2782	6571
200	6572
2326	6573
9451	6574
8555	6575
8073	6576
728	6577
2369	6578
9075	6579
1996	6580
6279	6581
5309	6582
6100	6583
1981	6584
9357	6585
5999	6586
2474	6587
2483	6588
3475	6589
2086	6590
2898	6591
212	6592
8001	6593
1460	6594
9392	6595
2196	6596
5255	6597
977	6598
9145	6599
8919	6600
3543	6601
1185	6602
7448	6603
1817	6604
1844	6605
5662	6606
9660	6607
2972	6608
5537	6609
6823	6610
9127	6611
4500	6612
2673	6613
7325	6614
4962	6615
7809	6616
5194	6617
2211	6618
8437	6619
9186	6620
3780	6621
1004	6622
2848	6623
3456	6624
9340	6625
4501	6626
1030	6627
790	6628
4510	6629
8396	6630
3664	6631
616	6632
2057	6633
4549	6634
8995	6635
2444	6636
5730	6637
8934	6638
1378	6639
8071	6640
1363	6641
758	6642
3416	6643
4861	6644
2105	6645
410	6646
3183	6647
1207	6648
3345	6649
3896	6650
2300	6651
5354	6652
4111	6653
565	6654
1891	6655
4349	6656
64	6657
1912	6658
7697	6659
1101	6660
7592	6661
2303	6662
6623	6663
6457	6664
6828	6665
5989	6666
7603	6667
2010	6668
9102	6669
3580	6670
7844	6671
5672	6672
3741	6673
9539	6674
2452	6675
4617	6676
3811	6677
7425	6678
5605	6679
8039	6680
764	6681
6268	6682
7561	6683
1204	6684
1046	6685
6350	6686
820	6687
7106	6688
3469	6689
7417	6690
8763	6691
7743	6692
599	6693
7608	6694
8560	6695
590	6696
3	6697
9551	6698
7920	6699
6415	6700
6678	6701
2316	6702
7355	6703
4019	6704
8712	6705
7043	6706
678	6707
2533	6708
2407	6709
835	6710
2749	6711
3919	6712
94	6713
111	6714
1339	6715
6223	6716
7262	6717
2322	6718
7049	6719
9621	6720
4649	6721
3731	6722
1407	6723
1531	6724
72	6725
3191	6726
9168	6727
2113	6728
6432	6729
9752	6730
8182	6731
4712	6732
7842	6733
527	6734
7032	6735
3638	6736
1634	6737
3672	6738
2675	6739
2555	6740
1064	6741
4373	6742
667	6743
7396	6744
5015	6745
7656	6746
552	6747
1024	6748
3666	6749
8420	6750
9163	6751
8252	6752
7133	6753
7334	6754
6692	6755
9730	6756
729	6757
3233	6758
8499	6759
6418	6760
8991	6761
6399	6762
3102	6763
6482	6764
3275	6765
1587	6766
6198	6767
9493	6768
2828	6769
8857	6770
9061	6771
8258	6772
829	6773
2314	6774
3687	6775
2149	6776
5058	6777
8515	6778
4743	6779
6029	6780
7435	6781
4570	6782
3013	6783
6081	6784
5498	6785
8376	6786
1119	6787
2364	6788
6628	6789
9210	6790
1915	6791
7733	6792
8169	6793
2915	6794
1297	6795
1901	6796
5257	6797
105	6798
3092	6799
5074	6800
9095	6801
1447	6802
7047	6803
3541	6804
9024	6805
6097	6806
4119	6807
2187	6808
9047	6809
1124	6810
9156	6811
996	6812
5140	6813
9527	6814
6526	6815
1693	6816
9793	6817
6849	6818
7808	6819
5403	6820
4933	6821
9339	6822
4329	6823
2141	6824
5388	6825
6126	6826
3510	6827
3590	6828
7876	6829
6166	6830
8466	6831
8793	6832
2826	6833
114	6834
8017	6835
9108	6836
4243	6837
2791	6838
5254	6839
770	6840
2133	6841
3140	6842
6932	6843
5024	6844
300	6845
8713	6846
1930	6847
334	6848
2658	6849
4985	6850
7693	6851
8520	6852
2635	6853
9487	6854
2944	6855
5026	6856
1359	6857
2544	6858
6515	6859
5779	6860
762	6861
8921	6862
5909	6863
8875	6864
2829	6865
2460	6866
5921	6867
3422	6868
6758	6869
7269	6870
7410	6871
870	6872
6339	6873
5568	6874
8622	6875
4898	6876
6578	6877
7258	6878
7899	6879
4445	6880
4936	6881
4994	6882
135	6883
8077	6884
7367	6885
5508	6886
3795	6887
8876	6888
3137	6889
2983	6890
6879	6891
3916	6892
6435	6893
7663	6894
772	6895
1898	6896
6195	6897
3979	6898
9164	6899
3018	6900
2652	6901
8990	6902
1324	6903
66	6904
6691	6905
6199	6906
1398	6907
7328	6908
5049	6909
8290	6910
6250	6911
1402	6912
1886	6913
3928	6914
8356	6915
7356	6916
2226	6917
894	6918
9779	6919
6441	6920
4046	6921
7804	6922
4554	6923
6433	6924
801	6925
1555	6926
66	6927
5418	6928
6460	6929
8542	6930
9653	6931
254	6932
3274	6933
2615	6934
2593	6935
8760	6936
8284	6937
7029	6938
7535	6939
2202	6940
1218	6941
4475	6942
1986	6943
6469	6944
3339	6945
6091	6946
4919	6947
2020	6948
3746	6949
61	6950
8540	6951
7374	6952
1226	6953
8808	6954
5381	6955
4232	6956
6659	6957
8505	6958
2038	6959
7342	6960
634	6961
7635	6962
6787	6963
866	6964
1941	6965
3516	6966
6404	6967
7083	6968
3117	6969
2494	6970
7256	6971
9697	6972
5696	6973
9284	6974
128	6975
2220	6976
1026	6977
9871	6978
3256	6979
905	6980
3160	6981
4275	6982
3484	6983
6618	6984
4143	6985
5893	6986
6748	6987
5367	6988
5429	6989
6471	6990
3060	6991
5436	6992
4897	6993
7683	6994
7830	6995
3121	6996
4721	6997
4718	6998
3598	6999
899	7000
533	7001
184	7002
9791	7003
7150	7004
830	7005
6335	7006
6394	7007
671	7008
8985	7009
2790	7010
1495	7011
9687	7012
4950	7013
6329	7014
9197	7015
8621	7016
5268	7017
8918	7018
4117	7019
3488	7020
4422	7021
5802	7022
2953	7023
9470	7024
6077	7025
6852	7026
9773	7027
2114	7028
6107	7029
8571	7030
6273	7031
3864	7032
1035	7033
5082	7034
38	7035
91	7036
8581	7037
9223	7038
2719	7039
8308	7040
7956	7041
1805	7042
6897	7043
2286	7044
6703	7045
3677	7046
4488	7047
5103	7048
9398	7049
5668	7050
5735	7051
2750	7052
6237	7053
5050	7054
7641	7055
7312	7056
4298	7057
1487	7058
3943	7059
3101	7060
2687	7061
403	7062
6047	7063
5457	7064
5564	7065
9027	7066
6560	7067
2575	7068
1852	7069
5813	7070
9028	7071
6176	7072
1475	7073
3758	7074
7227	7075
160	7076
2922	7077
9810	7078
6614	7079
7981	7080
8190	7081
2804	7082
2866	7083
5006	7084
3376	7085
1879	7086
1229	7087
9456	7088
1322	7089
9098	7090
7274	7091
3154	7092
3682	7093
8940	7094
1746	7095
4556	7096
8820	7097
4706	7098
9405	7099
9347	7100
923	7101
4469	7102
4290	7103
4999	7104
5624	7105
4411	7106
399	7107
5992	7108
1166	7109
3845	7110
3497	7111
4383	7112
4954	7113
8860	7114
8217	7115
2032	7116
8708	7117
3577	7118
6679	7119
2244	7120
161	7121
5840	7122
4222	7123
7616	7124
7037	7125
4910	7126
7849	7127
5952	7128
4324	7129
2577	7130
5845	7131
7699	7132
2446	7133
651	7134
3106	7135
2656	7136
8698	7137
7539	7138
650	7139
3977	7140
908	7141
3752	7142
7068	7143
737	7144
5256	7145
5621	7146
6810	7147
8663	7148
9030	7149
9829	7150
5820	7151
8544	7152
7745	7153
6734	7154
8637	7155
193	7156
1291	7157
5558	7158
5235	7159
2938	7160
4242	7161
7449	7162
5097	7163
4186	7164
5438	7165
8648	7166
4443	7167
5303	7168
9206	7169
743	7170
9150	7171
3242	7172
5862	7173
3020	7174
9729	7175
5019	7176
1557	7177
4322	7178
458	7179
8762	7180
8049	7181
9193	7182
7837	7183
3710	7184
4789	7185
1522	7186
6323	7187
9280	7188
6414	7189
6556	7190
3277	7191
3155	7192
3478	7193
7480	7194
5144	7195
7431	7196
346	7197
4044	7198
7879	7199
4798	7200
8539	7201
7883	7202
6720	7203
1970	7204
9867	7205
5439	7206
6730	7207
5362	7208
8486	7209
2856	7210
8146	7211
8418	7212
632	7213
8189	7214
1870	7215
9523	7216
4541	7217
4476	7218
7861	7219
1745	7220
8268	7221
7294	7222
333	7223
9420	7224
9520	7225
7246	7226
6768	7227
5484	7228
7774	7229
9602	7230
7877	7231
883	7232
8421	7233
550	7234
9770	7235
3927	7236
6012	7237
5755	7238
949	7239
4580	7240
1255	7241
9552	7242
8941	7243
5824	7244
7949	7245
6385	7246
3455	7247
373	7248
5569	7249
4719	7250
7606	7251
5598	7252
8293	7253
7419	7254
8908	7255
6362	7256
4822	7257
9255	7258
2429	7259
6165	7260
7157	7261
3119	7262
1173	7263
2160	7264
8444	7265
3284	7266
4300	7267
3365	7268
6313	7269
9056	7270
5332	7271
6610	7272
2876	7273
9797	7274
7	7275
431	7276
1345	7277
1845	7278
5677	7279
7434	7280
7101	7281
2775	7282
4299	7283
6638	7284
5347	7285
4459	7286
482	7287
7958	7288
5478	7289
9288	7290
9049	7291
4850	7292
5306	7293
7005	7294
97	7295
8467	7296
7675	7297
6225	7298
9853	7299
6086	7300
881	7301
6283	7302
9054	7303
4884	7304
929	7305
658	7306
4169	7307
4912	7308
6068	7309
2817	7310
1271	7311
8305	7312
8280	7313
8137	7314
4525	7315
5704	7316
8320	7317
6121	7318
1733	7319
1528	7320
379	7321
3949	7322
3316	7323
4477	7324
6982	7325
917	7326
3314	7327
6255	7328
4254	7329
9661	7330
3565	7331
3965	7332
1319	7333
3829	7334
8088	7335
4015	7336
5916	7337
6535	7338
6594	7339
2189	7340
815	7341
4647	7342
6665	7343
9847	7344
2781	7345
6508	7346
6629	7347
9467	7348
8306	7349
763	7350
2714	7351
3318	7352
4806	7353
3096	7354
6494	7355
26	7356
8606	7357
8726	7358
2459	7359
355	7360
368	7361
1449	7362
2777	7363
2770	7364
6645	7365
117	7366
8185	7367
2694	7368
6203	7369
7950	7370
50	7371
664	7372
7847	7373
4009	7374
7580	7375
342	7376
101	7377
45	7378
2762	7379
7218	7380
6234	7381
4007	7382
9413	7383
2681	7384
3430	7385
1539	7386
2171	7387
5406	7388
900	7389
3736	7390
3238	7391
7242	7392
4594	7393
5459	7394
7014	7395
3806	7396
9416	7397
6115	7398
1285	7399
7023	7400
5269	7401
9086	7402
4178	7403
9382	7404
9161	7405
7151	7406
9216	7407
3077	7408
8114	7409
1231	7410
9351	7411
7709	7412
1461	7413
5874	7414
7547	7415
5573	7416
3407	7417
7393	7418
3245	7419
7311	7420
416	7421
4871	7422
4939	7423
7550	7424
6726	7425
2107	7426
6106	7427
1838	7428
1348	7429
5833	7430
3631	7431
2471	7432
2470	7433
4251	7434
3120	7435
7272	7436
6227	7437
3779	7438
4659	7439
6954	7440
8232	7441
9799	7442
3844	7443
1773	7444
3358	7445
6138	7446
6082	7447
7460	7448
349	7449
5316	7450
6943	7451
6507	7452
6270	7453
3282	7454
9224	7455
2034	7456
3032	7457
4090	7458
2143	7459
7640	7460
6790	7461
7298	7462
8534	7463
1472	7464
5785	7465
5372	7466
2861	7467
7284	7468
8523	7469
7132	7470
8656	7471
9845	7472
1549	7473
40	7474
2125	7475
3312	7476
5065	7477
8406	7478
1223	7479
8634	7480
8172	7481
1703	7482
3313	7483
8059	7484
796	7485
8604	7486
2701	7487
1216	7488
6965	7489
2330	7490
2949	7491
2025	7492
2995	7493
4576	7494
2822	7495
3622	7496
6989	7497
1234	7498
6260	7499
2907	7500
286	7501
2282	7502
2968	7503
4970	7504
8066	7505
546	7506
1517	7507
6590	7508
1473	7509
8124	7510
2543	7511
4499	7512
6348	7513
502	7514
7917	7515
1978	7516
147	7517
9412	7518
4504	7519
75	7520
5076	7521
7784	7522
9684	7523
7896	7524
4932	7525
2650	7526
2833	7527
6919	7528
9502	7529
9556	7530
7348	7531
2743	7532
3164	7533
9320	7534
2281	7535
9763	7536
6820	7537
6947	7538
5503	7539
8877	7540
856	7541
9861	7542
2320	7543
7499	7544
3166	7545
3583	7546
1113	7547
6367	7548
202	7549
8594	7550
2825	7551
516	7552
4987	7553
6717	7554
4503	7555
205	7556
2545	7557
5753	7558
8669	7559
8723	7560
9359	7561
4948	7562
8559	7563
121	7564
3831	7565
2000	7566
2339	7567
2976	7568
1599	7569
574	7570
3047	7571
1368	7572
9220	7573
5109	7574
9624	7575
2484	7576
978	7577
5252	7578
5758	7579
4354	7580
4045	7581
316	7582
2509	7583
8176	7584
1547	7585
9034	7586
8170	7587
5205	7588
7114	7589
2666	7590
5420	7591
1414	7592
310	7593
1332	7594
1083	7595
7730	7596
6157	7597
7602	7598
2923	7599
5038	7600
8899	7601
1131	7602
8096	7603
8165	7604
6562	7605
5595	7606
7984	7607
7162	7608
1313	7609
5344	7610
2420	7611
506	7612
4303	7613
1755	7614
2180	7615
345	7616
4563	7617
5318	7618
892	7619
4460	7620
8031	7621
4859	7622
7288	7623
7853	7624
3940	7625
2304	7626
411	7627
919	7628
158	7629
7972	7630
9203	7631
7794	7632
9749	7633
1601	7634
3768	7635
1389	7636
3902	7637
484	7638
2131	7639
6262	7640
9672	7641
3941	7642
4534	7643
4904	7644
4084	7645
7919	7646
518	7647
6958	7648
7113	7649
2204	7650
5204	7651
2842	7652
4267	7653
7900	7654
6981	7655
9366	7656
5427	7657
299	7658
9578	7659
8144	7660
6054	7661
1261	7662
2943	7663
4747	7664
733	7665
7651	7666
9349	7667
5056	7668
4381	7669
5437	7670
5266	7671
3185	7672
7674	7673
8885	7674
2690	7675
3171	7676
8535	7677
2583	7678
4709	7679
7939	7680
4260	7681
4094	7682
4472	7683
4940	7684
5942	7685
1356	7686
2270	7687
4273	7688
7228	7689
2989	7690
5197	7691
8525	7692
296	7693
4561	7694
7605	7695
5839	7696
4453	7697
434	7698
4757	7699
808	7700
2614	7701
8787	7702
9042	7703
7488	7704
8629	7705
4607	7706
20	7707
3794	7708
1953	7709
1576	7710
798	7711
2493	7712
5603	7713
2336	7714
6379	7715
7219	7716
2549	7717
7560	7718
4397	7719
8100	7720
9031	7721
4704	7722
6472	7723
6534	7724
5978	7725
17	7726
4938	7727
9864	7728
1240	7729
4671	7730
9683	7731
1871	7732
9250	7733
9310	7734
4703	7735
4341	7736
8649	7737
1803	7738
7669	7739
5800	7740
4448	7741
2534	7742
7934	7743
4003	7744
6737	7745
2361	7746
1420	7747
7598	7748
8852	7749
1708	7750
5333	7751
699	7752
5642	7753
9712	7754
3442	7755
3294	7756
4982	7757
9693	7758
2036	7759
5455	7760
4596	7761
3286	7762
4066	7763
648	7764
9796	7765
58	7766
6642	7767
3846	7768
6661	7769
2809	7770
7429	7771
4091	7772
4995	7773
5229	7774
622	7775
907	7776
4385	7777
9595	7778
6857	7779
7927	7780
6089	7781
9426	7782
5326	7783
1095	7784
8751	7785
7915	7786
3387	7787
6887	7788
1340	7789
2070	7790
6336	7791
9010	7792
4029	7793
7468	7794
5363	7795
2417	7796
4311	7797
5178	7798
4219	7799
871	7800
9657	7801
166	7802
1971	7803
4790	7804
5666	7805
5767	7806
5614	7807
9003	7808
1305	7809
679	7810
4637	7811
6520	7812
5761	7813
6658	7814
8314	7815
3946	7816
1263	7817
867	7818
1156	7819
5000	7820
7826	7821
3766	7822
5313	7823
4375	7824
6686	7825
4557	7826
5780	7827
8003	7828
9019	7829
3479	7830
9369	7831
5695	7832
8781	7833
3694	7834
7323	7835
9051	7836
2212	7837
6158	7838
6755	7839
9169	7840
6774	7841
6780	7842
4092	7843
5398	7844
7255	7845
6523	7846
5718	7847
3715	7848
8210	7849
9096	7850
2158	7851
5958	7852
9882	7853
1795	7854
6952	7855
302	7856
3620	7857
5032	7858
5584	7859
3644	7860
836	7861
7556	7862
564	7863
5030	7864
3010	7865
8050	7866
7973	7867
5307	7868
41	7869
2524	7870
7759	7871
3770	7872
7088	7873
4049	7874
3301	7875
8859	7876
6931	7877
8776	7878
8670	7879
902	7880
6963	7881
6481	7882
1632	7883
4012	7884
4347	7885
5073	7886
40	7887
4732	7888
79	7889
8518	7890
4636	7891
3548	7892
2838	7893
9437	7894
2850	7895
9391	7896
1781	7897
8961	7898
8945	7899
3112	7900
3536	7901
9655	7902
2321	7903
3287	7904
1816	7905
9872	7906
1542	7907
7890	7908
6278	7909
8450	7910
3525	7911
6085	7912
6908	7913
715	7914
4121	7915
5963	7916
2182	7917
7313	7918
9058	7919
8020	7920
1617	7921
1888	7922
9673	7923
2395	7924
9126	7925
3149	7926
4172	7927
7628	7928
5515	7929
9664	7930
7629	7931
6588	7932
7268	7933
4533	7934
9515	7935
7734	7936
8750	7937
621	7938
5442	7939
2342	7940
6756	7941
8925	7942
7383	7943
7286	7944
8360	7945
5628	7946
5136	7947
4346	7948
3350	7949
1739	7950
6527	7951
8254	7952
7704	7953
7595	7954
9876	7955
1762	7956
4158	7957
5851	7958
5784	7959
5250	7960
8951	7961
1352	7962
9855	7963
3093	7964
417	7965
7008	7966
4707	7967
2139	7968
6366	7969
7963	7970
4560	7971
8625	7972
3513	7973
3302	7974
9512	7975
2333	7976
6312	7977
8457	7978
49	7979
771	7980
2818	7981
1180	7982
4809	7983
738	7984
380	7985
756	7986
4972	7987
6353	7988
8784	7989
4431	7990
7138	7991
4480	7992
7497	7993
3341	7994
2965	7995
5110	7996
3571	7997
1639	7998
146	7999
2678	8000
5340	8001
2887	8002
8758	8003
2971	8004
133	8005
7725	8006
5913	8007
3835	8008
7633	8009
5563	8010
2140	8011
2176	8012
1379	8013
7212	8014
2882	8015
1570	8016
2383	8017
5825	8018
9276	8019
5474	8020
4584	8021
8011	8022
6338	8023
6731	8024
5018	8025
8181	8026
1707	8027
8316	8028
4670	8029
2878	8030
9260	8031
4456	8032
8004	8033
3297	8034
4185	8035
6322	8036
223	8037
6401	8038
3144	8039
7795	8040
7369	8041
5708	8042
1463	8043
5226	8044
504	8045
9333	8046
1462	8047
4917	8048
3998	8049
587	8050
1962	8051
3749	8052
6071	8053
70	8054
5013	8055
8855	8056
2386	8057
8928	8058
2024	8059
364	8060
1692	8061
2166	8062
2605	8063
6784	8064
1590	8065
7414	8066
7589	8067
9365	8068
5153	8069
7770	8070
8070	8071
6801	8072
4140	8073
6698	8074
5968	8075
3217	8076
6210	8077
7891	8078
1187	8079
5933	8080
5846	8081
5081	8082
8125	8083
18	8084
3878	8085
5408	8086
1480	8087
8893	8088
7707	8089
9646	8090
2840	8091
294	8092
3500	8093
2724	8094
4263	8095
8767	8096
1767	8097
4889	8098
6763	8099
7354	8100
601	8101
5676	8102
9620	8103
3836	8104
7630	8105
6491	8106
1637	8107
9501	8108
753	8109
9802	8110
6773	8111
4416	8112
3402	8113
7757	8114
8557	8115
350	8116
31	8117
430	8118
3610	8119
1412	8120
3410	8121
7929	8122
7936	8123
7793	8124
87	8125
8250	8126
1077	8127
964	8128
3959	8129
1503	8130
5145	8131
6088	8132
828	8133
3260	8134
822	8135
2072	8136
481	8137
2655	8138
2393	8139
9677	8140
7407	8141
9244	8142
5734	8143
5451	8144
8502	8145
951	8146
4929	8147
556	8148
4964	8149
3994	8150
3808	8151
7811	8152
1027	8153
8459	8154
1704	8155
4815	8156
9259	8157
1312	8158
3724	8159
8999	8160
1330	8161
9823	8162
8653	8163
3964	8164
969	8165
1932	8166
5588	8167
4394	8168
6241	8169
118	8170
5957	8171
7507	8172
6878	8173
5858	8174
3857	8175
9212	8176
9516	8177
5265	8178
2551	8179
1585	8180
5837	8181
6462	8182
1005	8183
6587	8184
5636	8185
2019	8186
7766	8187
1062	8188
761	8189
2653	8190
6300	8191
6762	8192
5744	8193
52	8194
2275	8195
6553	8196
7926	8197
8957	8198
7055	8199
3756	8200
4103	8201
9830	8202
4166	8203
602	8204
524	8205
3990	8206
3637	8207
3434	8208
8361	8209
5936	8210
9407	8211
3546	8212
2717	8213
1383	8214
1812	8215
3181	8216
4343	8217
9399	8218
4676	8219
594	8220
3815	8221
9092	8222
6240	8223
2287	8224
2223	8225
536	8226
7142	8227
5464	8228
9256	8229
8795	8230
4133	8231
4682	8232
9863	8233
3414	8234
1479	8235
1003	8236
471	8237
7671	8238
8113	8239
5289	8240
5746	8241
3799	8242
9784	8243
7004	8244
2797	8245
8359	8246
25	8247
4406	8248
7735	8249
8837	8250
2349	8251
90	8252
5865	8253
6779	8254
2857	8255
3645	8256
7459	8257
4717	8258
114	8259
3194	8260
3334	8261
7690	8262
6018	8263
461	8264
4246	8265
5538	8266
3355	8267
2405	8268
6948	8269
821	8270
9081	8271
5350	8272
5159	8273
4546	8274
6683	8275
7703	8276
6836	8277
9140	8278
74	8279
6328	8280
3866	8281
2722	8282
5352	8283
4435	8284
3774	8285
7706	8286
788	8287
2617	8288
4395	8289
4821	8290
4379	8291
5168	8292
9039	8293
8422	8294
6860	8295
8202	8296
4891	8297
208	8298
1430	8299
2248	8300
2130	8301
369	8302
3199	8303
9769	8304
4350	8305
2918	8306
6772	8307
7493	8308
1413	8309
8079	8310
6751	8311
1299	8312
3135	8313
9118	8314
4171	8315
9207	8316
8231	8317
2083	8318
1611	8319
877	8320
7477	8321
8636	8322
7402	8323
3304	8324
5540	8325
8230	8326
9100	8327
9625	8328
3880	8329
2513	8330
8151	8331
1756	8332
2432	8333
9605	8334
1123	8335
2267	8336
9016	8337
2979	8338
1063	8339
6793	8340
9809	8341
2069	8342
3400	8343
2099	8344
2468	8345
3232	8346
4006	8347
4241	8348
1441	8349
7555	8350
7213	8351
9649	8352
4668	8353
2015	8354
8672	8355
7922	8356
3992	8357
3699	8358
4052	8359
8414	8360
1184	8361
6037	8362
6456	8363
9006	8364
9608	8365
6985	8366
2874	8367
7445	8368
2624	8369
5650	8370
8801	8371
2092	8372
2952	8373
7792	8374
889	8375
2002	8376
6955	8377
6843	8378
8155	8379
1633	8380
7953	8381
844	8382
9103	8383
1091	8384
7662	8385
7136	8386
9190	8387
2466	8388
1129	8389
7203	8390
8954	8391
8745	8392
5897	8393
2973	8394
3448	8395
7982	8396
2787	8397
5359	8398
863	8399
3701	8400
6330	8401
4407	8402
7463	8403
3489	8404
7577	8405
3310	8406
4063	8407
6325	8408
2808	8409
5644	8410
3321	8411
4686	8412
6528	8413
6409	8414
4337	8415
2735	8416
6182	8417
1913	8418
4151	8419
6426	8420
1181	8421
2623	8422
2913	8423
4848	8424
684	8425
3052	8426
3529	8427
8351	8428
6497	8429
6026	8430
2096	8431
9800	8432
5125	8433
2734	8434
6529	8435
5270	8436
5179	8437
5012	8438
1478	8439
4980	8440
35	8441
1201	8442
6800	8443
1974	8444
3876	8445
5912	8446
3759	8447
3007	8448
3860	8449
1211	8450
4825	8451
5477	8452
1140	8453
9513	8454
5817	8455
8818	8456
9384	8457
9093	8458
2760	8459
839	8460
7951	8461
7637	8462
1039	8463
1186	8464
2908	8465
789	8466
6020	8467
2496	8468
8643	8469
5348	8470
8200	8471
4854	8472
5506	8473
8734	8474
6542	8475
5771	8476
1224	8477
8575	8478
7552	8479
3229	8480
1561	8481
6477	8482
994	8483
2004	8484
4623	8485
5133	8486
6046	8487
6559	8488
1025	8489
1053	8490
4154	8491
6112	8492
4086	8493
6601	8494
3834	8495
1950	8496
3814	8497
7466	8498
4377	8499
5549	8500
4795	8501
8494	8502
7670	8503
6246	8504
9737	8505
701	8506
1778	8507
4818	8508
1288	8509
4777	8510
3772	8511
5481	8512
424	8513
494	8514
6389	8515
4442	8516
716	8517
7888	8518
7363	8519
7201	8520
3114	8521
2055	8522
112	8523
150	8524
1675	8525
2492	8526
6256	8527
4384	8528
3145	8529
7170	8530
824	8531
4262	8532
8332	8533
9326	8534
9581	8535
5894	8536
130	8537
1881	8538
3142	8539
6619	8540
7505	8541
197	8542
9294	8543
7527	8544
1228	8545
7109	8546
4593	8547
3769	8548
2174	8549
8609	8550
3679	8551
143	8552
4490	8553
9073	8554
1925	8555
2728	8556
328	8557
6341	8558
5394	8559
2168	8560
9526	8561
1713	8562
5494	8563
4753	8564
2597	8565
7430	8566
1149	8567
1964	8568
1626	8569
3816	8570
9179	8571
9718	8572
8112	8573
6901	8574
7214	8575
6850	8576
3828	8577
324	8578
939	8579
1354	8580
8274	8581
5732	8582
528	8583
1721	8584
3193	8585
3924	8586
2974	8587
4750	8588
6436	8589
689	8590
4710	8591
9085	8592
9005	8593
7687	8594
8387	8595
1298	8596
7942	8597
8188	8598
1337	8599
6544	8600
5387	8601
7230	8602
2998	8603
3693	8604
8374	8605
8797	8606
2834	8607
930	8608
6291	8609
9373	8610
7245	8611
7224	8612
4438	8613
1247	8614
3429	8615
6604	8616
2253	8617
453	8618
6428	8619
3492	8620
6625	8621
9558	8622
4076	8623
338	8624
5246	8625
8705	8626
4535	8627
545	8628
2835	8629
2864	8630
2028	8631
2789	8632
5160	8633
3825	8634
1608	8635
6923	8636
628	8637
2812	8638
8718	8639
3653	8640
544	8641
6668	8642
1196	8643
3656	8644
3744	8645
3545	8646
2535	8647
8160	8648
7346	8649
1278	8650
2359	8651
1233	8652
5810	8653
5104	8654
4316	8655
8175	8656
5655	8657
5623	8658
3688	8659
804	8660
2221	8661
1432	8662
5756	8663
575	8664
5312	8665
5091	8666
7632	8667
6966	8668
4952	8669
2406	8670
6729	8671
8382	8672
4947	8673
4211	8674
7375	8675
7964	8676
23	8677
3174	8678
5278	8679
3501	8680
5355	8681
3404	8682
6812	8683
6207	8684
8002	8685
329	8686
6189	8687
8696	8688
6208	8689
6111	8690
73	8691
8600	8692
5789	8693
9307	8694
6093	8695
1209	8696
6851	8697
4983	8698
1481	8699
1316	8700
3421	8701
7711	8702
7673	8703
3882	8704
8996	8705
3840	8706
206	8707
4270	8708
7806	8709
6980	8710
9789	8711
4427	8712
6238	8713
69	8714
9783	8715
6185	8716
9065	8717
5626	8718
6766	8719
7174	8720
1342	8721
4640	8722
2902	8723
4529	8724
2154	8725
9679	8726
626	8727
4352	8728
9063	8729
7758	8730
2076	8731
6454	8732
7140	8733
8508	8734
7095	8735
9234	8736
4651	8737
2097	8738
8163	8739
3016	8740
4648	8741
7253	8742
2236	8743
1851	8744
9745	8745
5001	8746
4225	8747
7335	8748
9066	8749
2912	8750
8573	8751
5532	8752
4361	8753
2946	8754
9226	8755
3849	8756
9839	8757
266	8758
7471	8759
6673	8760
8853	8761
3907	8762
8975	8763
3588	8764
8638	8765
3179	8766
1853	8767
2862	8768
1719	8769
5819	8770
2855	8771
8979	8772
7124	8773
6725	8774
8063	8775
4458	8776
7564	8777
96	8778
1135	8779
4836	8780
6216	8781
1884	8782
4578	8783
8950	8784
5796	8785
1192	8786
5536	8787
4265	8788
392	8789
8956	8790
5343	8791
5412	8792
4883	8793
7071	8794
5209	8795
8785	8796
5196	8797
3354	8798
6643	8799
6149	8800
4749	8801
9001	8802
5648	8803
6310	8804
88	8805
3471	8806
8809	8807
8378	8808
9257	8809
9114	8810
4351	8811
5488	8812
2006	8813
3326	8814
7681	8815
8345	8816
5496	8817
1215	8818
2042	8819
7351	8820
6533	8821
2602	8822
1667	8823
7567	8824
7819	8825
3023	8826
1568	8827
600	8828
6988	8829
6667	8830
4602	8831
226	8832
2014	8833
9469	8834
1159	8835
9494	8836
4572	8837
9319	8838
1678	8839
1013	8840
9060	8841
6555	8842
4677	8843
5424	8844
5272	8845
2640	8846
8156	8847
6003	8848
7033	8849
3735	8850
3014	8851
4163	8852
8725	8853
6439	8854
9544	8855
8295	8856
4391	8857
1314	8858
85	8859
195	8860
6511	8861
6292	8862
8642	8863
479	8864
3453	8865
6413	8866
5080	8867
2884	8868
6744	8869
4419	8870
3398	8871
2892	8872
3722	8873
8958	8874
3122	8875
610	8876
5905	8877
7584	8878
8052	8879
6896	8880
926	8881
1274	8882
8211	8883
707	8884
2647	8885
7672	8886
8447	8887
3380	8888
2451	8889
5788	8890
7688	8891
8794	8892
724	8893
194	8894
4425	8895
4313	8896
2157	8897
2229	8898
6950	8899
3719	8900
8299	8901
5028	8902
2643	8903
2067	8904
4264	8905
1243	8906
1054	8907
1724	8908
660	8909
6846	8910
9375	8911
2061	8912
7395	8913
4990	8914
9214	8915
606	8916
8132	8917
6742	8918
3626	8919
1738	8920
4807	8921
6220	8922
7856	8923
5010	8924
8746	8925
6752	8926
7391	8927
7945	8928
6944	8929
6465	8930
5240	8931
8178	8932
4191	8933
7638	8934
7604	8935
1629	8936
2888	8937
911	8938
1691	8939
1358	8940
7648	8941
8260	8942
1459	8943
4925	8944
5687	8945
7558	8946
2612	8947
1364	8948
7596	8949
8601	8950
203	8951
95	8952
5198	8953
7462	8954
7851	8955
6759	8956
6548	8957
2502	8958
7189	8959
947	8960
5946	8961
4426	8962
1764	8963
966	8964
3802	8965
3457	8966
2362	8967
1922	8968
1507	8969
2116	8970
4471	8971
4272	8972
6593	8973
7582	8974
2080	8975
3712	8976
235	8977
9460	8978
2263	8979
1566	8980
3392	8981
6549	8982
5432	8983
2077	8984
9101	8985
6332	8986
2581	8987
2497	8988
2708	8989
4113	8990
5499	8991
6814	8992
9651	8993
5561	8994
8675	8995
1103	8996
1041	8997
9837	8998
2385	8999
1787	9000
8086	9001
2093	9002
2642	9003
4762	9004
8869	9005
2841	9006
8509	9007
1069	9008
104	9009
4271	9010
5093	9011
6621	9012
6390	9013
8492	9014
6499	9015
4118	9016
3477	9017
420	9018
2637	9019
4849	9020
765	9021
8334	9022
8832	9023
4921	9024
7472	9025
4968	9026
6455	9027
6484	9028
6488	9029
9147	9030
696	9031
9681	9032
2997	9033
7645	9034
1546	9035
4261	9036
6229	9037
8262	9038
1344	9039
8623	9040
5156	9041
3393	9042
8416	9043
8328	9044
6967	9045
251	9046
1855	9047
6187	9048
3707	9049
9022	9050
7702	9051
4413	9052
125	9053
988	9054
6688	9055
9196	9056
2672	9057
38	9058
9402	9059
28	9060
1567	9061
2217	9062
5574	9063
3450	9064
314	9065
6063	9066
993	9067
4958	9068
6144	9069
776	9070
4054	9071
630	9072
2404	9073
5328	9074
2073	9075
2589	9076
6007	9077
7516	9078
6525	9079
5231	9080
3954	9081
8028	9082
8286	9083
6605	9084
807	9085
7051	9086
4890	9087
4632	9088
4102	9089
5981	9090
8874	9091
6083	9092
7388	9093
1823	9094
9561	9095
3763	9096
9709	9097
8519	9098
1759	9099
2424	9100
9	9101
384	9102
9253	9103
3505	9104
6096	9105
1686	9106
9851	9107
5959	9108
7478	9109
9123	9110
2195	9111
4164	9112
6357	9113
82	9114
6384	9115
6420	9116
2931	9117
5517	9118
8953	9119
5586	9120
5215	9121
5922	9122
4700	9123
7084	9124
4930	9125
2209	9126
2867	9127
1878	9128
6574	9129
5277	9130
803	9131
4484	9132
1653	9133
9466	9134
426	9135
8075	9136
8089	9137
979	9138
1347	9139
9706	9140
3787	9141
928	9142
3921	9143
884	9144
6847	9145
4455	9146
7526	9147
9138	9148
1529	9149
4192	9150
5535	9151
7517	9152
5680	9153
5005	9154
8330	9155
6565	9156
318	9157
5807	9158
9302	9159
9279	9160
49	9161
5259	9162
5908	9163
4203	9164
4150	9165
7074	9166
156	9167
7744	9168
227	9169
5389	9170
8618	9171
943	9172
2031	9173
2078	9174
378	9175
3698	9176
5663	9177
1294	9178
5940	9179
3929	9180
5284	9181
7345	9182
3842	9183
578	9184
6813	9185
7997	9186
3786	9187
6960	9188
643	9189
8574	9190
1924	9191
5430	9192
7254	9193
3520	9194
5546	9195
209	9196
5987	9197
5295	9198
1016	9199
6910	9200
8927	9201
466	9202
5043	9203
9415	9204
722	9205
7928	9206
8302	9207
9167	9208
6400	9209
5828	9210
5185	9211
3951	9212
4227	9213
1527	9214
6964	9215
1551	9216
6209	9217
1111	9218
5762	9219
7990	9220
6827	9221
6180	9222
1188	9223
4257	9224
1171	9225
5606	9226
6781	9227
7627	9228
6159	9229
7971	9230
6139	9231
6767	9232
4404	9233
2146	9234
4528	9235
9264	9236
1786	9237
529	9238
1100	9239
9317	9240
3784	9241
2106	9242
59	9243
2959	9244
9588	9245
4197	9246
1765	9247
1381	9248
5560	9249
6171	9250
97	9251
5531	9252
7728	9253
219	9254
4310	9255
896	9256
9014	9257
7993	9258
833	9259
1327	9260
2414	9261
2664	9262
2453	9263
4216	9264
1257	9265
6075	9266
1411	9267
1572	9268
8018	9269
3591	9270
2764	9271
9857	9272
8051	9273
7200	9274
7613	9275
1081	9276
8691	9277
2312	9278
3913	9279
42	9280
6670	9281
2428	9282
1690	9283
1061	9284
9322	9285
8848	9286
9120	9287
6181	9288
1663	9289
7310	9290
9015	9291
8134	9292
1034	9293
8388	9294
3076	9295
1418	9296
4212	9297
915	9298
7839	9299
5557	9300
6201	9301
817	9302
204	9303
576	9304
8904	9305
967	9306
1270	9307
9155	9308
2071	9309
653	9310
3989	9311
5618	9312
101	9313
2992	9314
2416	9315
7843	9316
3444	9317
2257	9318
4402	9319
6011	9320
2618	9321
8055	9322
2964	9323
2467	9324
1826	9325
3038	9326
872	9327
5264	9328
6547	9329
1059	9330
7394	9331
5525	9332
1197	9333
5281	9334
3342	9335
8364	9336
9418	9337
9870	9338
3374	9339
7315	9340
110	9341
9824	9342
1118	9343
9330	9344
7646	9345
921	9346
6364	9347
2381	9348
84	9349
6609	9350
793	9351
2847	9352
5890	9353
8417	9354
7120	9355
5267	9356
4548	9357
9798	9358
7442	9359
3158	9360
421	9361
5949	9362
474	9363
3789	9364
2079	9365
8683	9366
6959	9367
7182	9368
8072	9369
613	9370
433	9371
8476	9372
2793	9373
3690	9374
852	9375
7903	9376
5315	9377
4666	9378
3550	9379
1858	9380
8553	9381
7658	9382
8845	9383
8661	9384
2379	9385
8688	9386
4797	9387
2465	9388
931	9389
4446	9390
6999	9391
2645	9392
9536	9393
8452	9394
1425	9395
36	9396
5052	9397
363	9398
8773	9399
2016	9400
5382	9401
938	9402
1133	9403
1711	9404
2199	9405
6228	9406
9298	9407
4013	9408
2490	9409
6289	9410
6373	9411
2242	9412
4901	9413
6356	9414
8810	9415
3333	9416
1121	9417
3061	9418
7064	9419
9116	9420
19	9421
8264	9422
3527	9423
5969	9424
4335	9425
7309	9426
7510	9427
7724	9428
5726	9429
706	9430
8545	9431
2052	9432
3133	9433
3562	9434
7519	9435
5482	9436
7523	9437
3912	9438
1073	9439
3813	9440
2262	9441
5583	9442
8870	9443
304	9444
6253	9445
8779	9446
8864	9447
9002	9448
2784	9449
4981	9450
4776	9451
9598	9452
3581	9453
4573	9454
6925	9455
5832	9456
8194	9457
5251	9458
9078	9459
4527	9460
3460	9461
3975	9462
62	9463
2921	9464
1	9465
4278	9466
6789	9467
4010	9468
4468	9469
9422	9470
4036	9471
8451	9472
2592	9473
5519	9474
9506	9475
7591	9476
1798	9477
6853	9478
6382	9479
423	9480
3948	9481
9509	9482
9293	9483
3085	9484
8323	9485
5016	9486
7384	9487
783	9488
2942	9489
6173	9490
999	9491
1252	9492
2621	9493
6877	9494
446	9495
7506	9496
2358	9497
6211	9498
5516	9499
1382	9500
4708	9501
9547	9502
3206	9503
9301	9504
8978	9505
456	9506
1318	9507
3128	9508
642	9509
6134	9510
7717	9511
9468	9512
9390	9513
677	9514
3655	9515
154	9516
301	9517
9524	9518
5311	9519
7930	9520
9550	9521
7185	9522
8671	9523
6514	9524
5986	9525
322	9526
3349	9527
838	9528
4339	9529
5463	9530
3019	9531
3207	9532
4155	9533
9464	9534
86	9535
1553	9536
2768	9537
9439	9538
879	9539
615	9540
6652	9541
2350	9542
4715	9543
8246	9544
9383	9545
2751	9546
4206	9547
961	9548
449	9549
4627	9550
5146	9551
9112	9552
1272	9553
959	9554
1807	9555
6392	9556
975	9557
5660	9558
335	9559
688	9560
8265	9561
3486	9562
5841	9563
726	9564
5504	9565
9388	9566
6930	9567
4182	9568
5117	9569
8865	9570
8488	9571
3228	9572
9836	9573
85	9574
7870	9575
8480	9576
7554	9577
7840	9578
9764	9579
8098	9580
5089	9581
9645	9582
3804	9583
9734	9584
2933	9585
2178	9586
1602	9587
5129	9588
8303	9589
1687	9590
5200	9591
5189	9592
904	9593
1534	9594
9636	9595
7204	9596
512	9597
9191	9598
4831	9599
8872	9600
9240	9601
4633	9602
1466	9603
9852	9604
3611	9605
5710	9606
5934	9607
5752	9608
50	9609
1189	9610
3296	9611
418	9612
3094	9613
4760	9614
5423	9615
21	9616
7918	9617
2504	9618
8167	9619
8835	9620
5834	9621
612	9622
95	9623
3697	9624
5300	9625
2239	9626
8301	9627
851	9628
4152	9629
3535	9630
2240	9631
9346	9632
2151	9633
7740	9634
2503	9635
5027	9636
94	9637
362	9638
2290	9639
9831	9640
2639	9641
4840	9642
8429	9643
244	9644
7050	9645
4248	9646
3955	9647
4364	9648
4037	9649
4285	9650
5022	9651
5937	9652
5331	9653
5391	9654
5748	9655
3884	9656
1799	9657
8135	9658
6945	9659
6072	9660
7838	9661
7368	9662
5470	9663
276	9664
6	9665
409	9666
5553	9667
8300	9668
3186	9669
4470	9670
5548	9671
5765	9672
8931	9673
1002	9674
7723	9675
9689	9676
3223	9677
5764	9678
102	9679
1306	9680
9542	9681
7664	9682
3370	9683
9694	9684
4758	9685
6073	9686
6174	9687
8998	9688
7786	9689
4631	9690
3382	9691
5143	9692
2498	9693
4993	9694
2937	9695
2863	9696
5342	9697
5393	9698
831	9699
1409	9700
6946	9701
8145	9702
5461	9703
3152	9704
6038	9705
3487	9706
9462	9707
8277	9708
5425	9709
3523	9710
1008	9711
2704	9712
6	9713
3412	9714
6917	9715
7576	9716
9865	9717
6410	9718
8909	9719
9113	9720
3508	9721
9397	9722
6058	9723
2378	9724
8742	9725
6569	9726
6719	9727
731	9728
9386	9729
4005	9730
8659	9731
2377	9732
8108	9733
8724	9734
5035	9735
2638	9736
3162	9737
2870	9738
5173	9739
909	9740
2464	9741
1577	9742
6376	9743
2256	9744
2891	9745
6280	9746
5880	9747
7749	9748
6571	9749
2877	9750
2584	9751
2761	9752
2739	9753
4170	9754
913	9755
1304	9756
5492	9757
7280	9758
3067	9759
8441	9760
9000	9761
9269	9762
8729	9763
3113	9764
6396	9765
3958	9766
8593	9767
5856	9768
3081	9769
9559	9770
6386	9771
1048	9772
1214	9773
3905	9774
134	9775
1857	9776
4846	9777
6929	9778
9450	9779
9560	9780
6783	9781
3703	9782
4590	9783
8285	9784
816	9785
5998	9786
1921	9787
1112	9788
8732	9789
6493	9790
4588	9791
4726	9792
1419	9793
220	9794
1075	9795
2723	9796
1050	9797
67	9798
140	9799
1102	9800
5489	9801
563	9802
2214	9803
3827	9804
5809	9805
44	9806
2756	9807
5829	9808
7377	9809
6148	9810
4737	9811
8331	9812
7009	9813
6345	9814
2718	9815
5612	9816
6027	9817
3388	9818
4284	9819
849	9820
42	9821
8327	9822
8827	9823
2037	9824
3604	9825
9312	9826
2210	9827
1997	9828
3823	9829
3180	9830
6600	9831
8761	9832
3854	9833
673	9834
1350	9835
2441	9836
9289	9837
4454	9838
3618	9839
4452	9840
5876	9841
3627	9842
4386	9843
8027	9844
9740	9845
80	9846
3654	9847
1346	9848
216	9849
6899	9850
331	9851
1867	9852
4967	9853
7347	9854
9309	9855
4794	9856
5126	9857
2173	9858
6798	9859
9292	9860
3925	9861
6267	9862
5004	9863
5795	9864
1581	9865
7485	9866
7620	9867
7306	9868
106	9869
2677	9870
6826	9871
3059	9872
1491	9873
8764	9874
4606	9875
8817	9876
942	9877
5113	9878
353	9879
7223	9880
5220	9881
8162	9882
7541	9883
436	9884
3839	9885
109	9886
5410	9887
98	9888
4436	9889
5951	9890
3932	9891
6747	9892
8906	9893
6122	9894
3972	9895
2228	9896
2627	9897
4295	9898
5414	9899
8680	9900
3098	9901
2430	9902
1828	9903
4175	9904
6374	9905
3843	9906
3755	9907
5083	9908
8427	9909
6936	9910
3005	9911
3204	9912
597	9913
2601	9914
4656	9915
4661	9916
5566	9917
1431	9918
7366	9919
5135	9920
7350	9921
9094	9922
6184	9923
1242	9924
9338	9925
9489	9926
637	9927
3165	9928
1850	9929
6263	9930
8424	9931
4927	9932
2591	9933
8269	9934
9485	9935
3853	9936
429	9937
487	9938
5944	9939
9158	9940
1946	9941
3397	9942
4287	9943
5213	9944
4336	9945
3910	9946
2669	9947
6485	9948
5379	9949
1993	9950
1796	9951
9617	9952
8000	9953
9619	9954
857	9955
8413	9956
661	9957
4288	9958
3163	9959
7238	9960
6489	9961
853	9962
109	9963
2396	9964
7769	9965
1106	9966
31	9967
370	9968
1452	9969
4138	9970
9541	9971
2727	9972
5475	9973
855	9974
2087	9975
3652	9976
6539	9977
5971	9978
9669	9979
8569	9980
7221	9981
358	9982
3095	9983
4317	9984
132	9985
8068	9986
45	9987
2967	9988
1731	9989
4201	9990
4977	9991
692	9992
8249	9993
2671	9994
6848	9995
5248	9996
8973	9997
348	9998
9236	9999
5962	10000
