200	3100	3	37.95
178	102	7	13.39
841	12	5	11.42
98	8	57	5.91
1367	12	3	6.08
855	225	3	30.74
102	628	4	12.62
275	161	3	21.79
1902	7	3	15.58
102	6884	3	25.5
102	777	3	8.79
98	2912	3	8.99
6085	1168	3	57.06
199	189	3	20.74
5472	14	3	12.22
807	759	6	85.35
4912	14	4	22.12
98	5768	3	16.94
98	5904	3	16.94
116	471	8	65.86
810	12	4	7.03
517	217	3	27.66
12	146	13	9.65
101	655	5	13.81
1227	102	3	11.27
313	102	3	4.77
12	501	4	4.51
3076	102	3	17.27
1533	12	4	11.89
3246	105	3	23.25
5	282	6	47.99
6907	14	3	16.59
5605	14	4	22.12
102	881	5	21.61
320	105	9	50.45
12	3446	5	32.18
98	4317	4	22.59
305	833	5	60.73
110	522	3	16.28
261	584	3	29.63
7088	14	3	16.59
5119	14	4	22.12
2724	105	4	32.52
3796	14	5	27.65
103	342	24	192.63
1565	14	10	48.73
108	103	14	14.83
3827	14	5	27.65
1025	936	3	40.33
6405	14	3	16.59
5788	13	3	40.71
2022	137	3	31
176	118	6	33.63
729	1142	5	71.57
3137	12	3	11.23
4936	14	4	22.12
1012	1014	3	40.73
2575	14	7	38.71
101	353	5	9.22
98	785	7	15.23
3549	7	3	20.21
2316	101	3	12.13
1432	14	11	54.08
98	2463	3	7.87
624	102	3	7.79
1597	128	7	81.1
280	12	7	7.85
825	7	4	16.65
7324	14	3	16.59
5027	14	4	22.12
98	2478	3	7.87
7	7091	3	26.9
4376	14	4	22.12
112	2125	4	35.94
101	451	3	3.95
548	102	10	49.93
166	16	89	942.07
410	102	3	5.8
283	16	4	16.12
212	118	3	13.8
811	102	3	9.08
179	1566	4	46.61
12	859	10	38.81
229	418	3	27.04
98	3444	3	10.46
5148	14	4	22.12
3143	109	3	24.62
12	4363	3	14.89
656	14	20	89.51
1901	101	3	11.31
688	14	23	127.22
443	102	4	10.46
2892	12	4	18.26
1008	245	3	32.46
1118	4958	3	52.1
7	124	54	250.76
98	2884	4	15.2
107	640	14	115.92
6942	14	3	16.59
2101	14	5	15.8
279	207	8	80.3
7534	14	3	16.59
835	109	4	24.45
2328	14	7	32.81
101	821	3	6.38
16	868	3	16.61
223	105	16	95.83
2363	14	5	17.45
1335	105	3	17.59
98	6124	3	16.94
105	586	5	27.33
812	606	4	51.19
144	102	5	4.02
199	111	4	16.69
4063	14	5	27.65
12	232	11	17
98	1392	3	4.55
517	263	3	28.94
4407	289	3	44.54
458	117	4	27.03
101	955	4	12.04
4480	14	4	22.12
470	101	3	4.1
284	145	4	30.03
98	270	23	61.06
710	278	3	31.28
13	107	8	20.08
6523	119	3	38.36
3107	14	3	8.66
102	4629	4	34
7668	14	3	16.59
7947	119	3	38.36
310	120	3	17.62
393	162	5	45.69
101	834	3	6.67
557	104	7	42.76
112	178	12	76.22
462	12	5	6.64
112	222	4	18.28
101	2553	3	13.11
1783	12	3	7.66
2287	102	4	23.03
174	266	4	32.36
6625	14	3	16.59
550	101	4	8.42
3238	14	4	14.74
12	1293	4	10.43
251	112	7	42.06
306	7	3	5.81
935	6183	3	55.77
1108	14	11	43.95
12	1376	4	11.12
6893	14	3	16.59
4772	14	3	12.22
178	127	5	30.25
130	798	3	24.39
3508	12	3	12.74
132	120	3	9.77
5	397	3	21.65
8	1259	3	18.52
3581	3546	4	83.17
12	110	35	12.35
2890	159	3	36.35
2248	14	8	44.24
16	598	3	14.54
7976	14	3	16.59
6862	14	3	16.59
6448	14	3	16.59
101	581	3	4.98
395	102	4	9.6
12	786	6	15.32
12	609	4	5.47
103	262	10	51.19
98	704	16	65.34
3577	102	3	18.83
12	1885	3	8.34
148	3417	3	36.73
3841	14	4	17.24
98	4516	3	12.57
2451	14	6	27.57
98	4464	3	12.57
110	300	5	27.66
4950	14	4	22.12
2361	101	4	19.07
520	719	5	64.01
98	2172	6	25.14
184	428	7	72.85
3306	618	3	44.95
98	1010	6	13.94
98	1078	15	84.74
121	152	4	18.89
2810	111	3	26.27
12	33	4	8.25
12	979	5	12.56
106	297	4	15.28
2899	278	3	40.48
274	103	8	38.09
757	14	20	102.71
98	3567	4	17.71
98	3447	3	10.46
98	1680	9	44.46
12	1088	4	9.24
98	3610	3	10.46
106	210	3	7.41
106	135	5	10.63
1865	12	3	7.66
102	453	4	10.69
673	102	14	88.54
322	12	9	16.58
5352	14	4	22.12
428	14	33	173.67
744	385	6	76.33
12	1645	3	7.07
158	330	4	33.22
5250	14	4	22.12
418	125	4	28.89
3505	14	5	27.65
677	14	23	127.22
2232	109	3	22.37
3413	3412	5	114.25
98	4447	3	12.57
261	253	3	24.74
1101	3067	4	68.15
419	485	3	31.64
102	1585	5	27.52
864	3587	3	48.66
12	698	7	18.09
120	7	105	623.26
4679	14	4	22.12
110	2025	4	34.9
98	5827	3	16.94
105	161	3	5.7
98	1573	8	32.66
12	269	6	5.02
102	2604	4	24.53
948	111	4	29.28
98	150	26	33.32
98	2	78	14.24
6955	14	3	16.59
3002	14	5	22.37
7	560	26	224.88
1134	196	4	44.24
678	354	3	32.66
98	2893	5	22.96
107	791	4	22.5
1123	252	3	33
382	380	3	29.98
4833	14	4	22.12
106	816	3	14.91
1493	109	3	19.49
863	7	4	17.11
6660	14	3	16.59
98	6158	3	16.94
98	921	10	32.73
2123	14	9	49.77
593	858	3	36.45
415	103	4	16.74
915	610	5	67.96
98	2190	6	25.14
120	1675	6	65.45
102	564	10	49.93
98	3413	5	28.24
98	3549	3	10.46
198	242	5	42.73
105	2330	4	31
108	114	6	8.07
2173	7	5	34.32
209	865	3	30.46
1600	109	3	20.09
12	839	3	4.04
98	1870	3	5.58
4795	14	4	22.12
2228	111	3	25.26
134	134	8	47.51
7	1612	10	83.01
110	208	7	36.94
526	803	3	35.64
12	3388	3	11.23
1623	12	3	7.07
382	831	4	48.28
118	110	10	33.13
98	742	11	32.98
12	2043	3	8.34
98	667	14	49.4
4766	14	3	12.22
7985	14	3	16.59
6871	14	3	16.59
2082	151	3	32.26
2873	7	4	28.27
2573	105	3	22.02
98	2896	6	33.89
98	2956	4	15.2
612	106	4	20.43
4078	104	3	24.76
2369	12	4	14.98
12	131	20	18.17
2356	99	3	6.97
12	264	16	39.84
1269	468	5	69.53
6410	14	3	16.59
2458	14	7	38.71
303	2561	4	56.44
98	6041	3	16.94
98	6093	3	16.94
101	789	3	6.38
116	235	6	36.82
582	203	4	39.64
98	1172	7	20.99
2462	102	3	16.06
12	1199	4	9.81
3969	101	3	15.84
471	149	7	68.66
3316	101	3	14.3
12	1182	4	9.81
2957	109	3	24.62
7139	14	3	16.59
519	2371	5	77
235	108	3	9.38
191	104	4	11.09
114	361	7	50.35
1466	21	12	149.35
547	3069	3	44.46
223	170	9	83.82
686	105	3	13.93
12	164	24	52.9
173	103	6	19.04
135	1556	4	42.11
113	138	4	13.01
6929	14	3	16.59
1541	289	3	36.15
7521	14	3	16.59
98	4529	3	12.57
3328	14	4	14.74
98	2434	7	33.63
98	2538	6	28.27
103	322	4	15.1
3564	16	5	54.51
12	2072	4	13.78
3998	21	5	62.13
2824	12	3	10.07
12	672	4	6.04
812	470	3	35
6962	14	3	16.59
3127	14	4	14.74
1955	14	7	29.43
98	3564	3	10.46
98	3460	4	17.71
2222	14	8	44.24
253	14	46	200.04
155	690	5	49.6
336	288	4	39.28
98	1011	13	58.36
4810	14	4	22.12
4091	14	5	27.65
1986	14	8	38.09
1560	101	3	9.97
98	2179	3	6.97
105	1726	3	19.39
98	8123	3	16.94
2141	14	4	11.55
7688	14	3	16.59
98	2413	7	33.63
98	4532	3	12.57
2822	16	3	23.17
101	1270	3	8.91
1085	102	3	10.83
121	1484	3	26.47
3435	1906	4	75.81
101	1475	4	15.08
179	106	4	10.86
1526	12	3	7.07
6516	14	3	16.59
107	145	4	8.22
140	385	6	53.34
165	127	7	45.79
98	4395	3	12.57
825	1111	3	40.03
106	110	7	5.99
101	208	9	15.98
1285	102	3	11.74
303	102	4	8.03
137	169	4	23.95
98	6011	3	16.94
7538	12	3	19.3
105	522	3	12.52
112	162	6	27.99
390	102	3	5.65
12	551	4	4.97
9	13	5	9.13
98	1274	3	4.12
109	409	4	19.04
12	1309	3	6.08
104	153	25	143.84
3834	14	5	27.65
7	5167	4	35.86
104	103	13	8.57
4182	14	4	17.24
870	3132	3	47.08
98	2821	7	39.54
1024	12	3	4.92
114	154	5	21.72
12	1512	3	6.54
8178	14	3	16.59
150	468	13	147.96
722	14	22	121.69
2598	14	5	19.53
12	163	10	7.23
98	1530	8	32.66
1594	1595	4	64.34
8145	14	3	16.59
269	518	4	41.57
425	2529	5	77.48
12	297	10	18.73
98	1395	4	8.29
470	105	4	18.49
101	1014	11	62.8
98	5934	3	16.94
105	267	5	19.76
101	2176	3	12.13
138	171	3	16.44
98	1378	4	8.29
400	110	4	22.3
164	1453	3	31.49
8207	14	3	16.59
1744	14	10	55.3
98	5919	3	16.94
1424	461	3	38.21
7	7390	3	26.9
114	141	28	213.96
3652	14	4	17.24
98	2977	5	22.96
250	630	4	42.1
98	2909	5	22.96
2382	102	3	15.06
246	220	16	185.23
3135	108	3	24.53
159	152	3	17.05
98	165	64	247.75
12	1477	4	11.12
2014	12	3	8.34
148	1516	4	43.56
101	2075	3	11.31
12	1220	3	5.66
550	188	3	27.21
98	366	13	26.97
179	647	3	27.66
102	945	4	15.83
913	2004	4	61.75
235	147	3	19.56
1961	109	4	31.56
573	14	12	32.29
133	658	5	44.91
3038	101	4	22.43
192	302	3	24.04
12	508	4	4.51
98	3534	4	17.71
1236	119	3	23.85
101	295	6	11.02
12	1729	5	18.72
136	243	4	27.47
12	1661	3	7.07
734	101	4	9.97
541	1489	3	39.28
158	196	5	37.48
98	4312	3	12.57
619	12	5	8.79
127	122	5	20.98
267	102	49	384.28
12	3309	4	18.26
389	1431	3	37.3
719	12	4	6.35
401	562	3	32.13
1692	16	6	52
122	102	49	190.37
169	119	9	56.83
1941	14	6	22.11
1316	14	9	34.24
1688	101	3	10.59
12	816	5	10.91
872	7	5	23.86
921	1909	4	61.75
2156	7	4	24.86
12	2617	4	16.42
2169	14	3	6.65
209	2406	3	36.09
12	838	9	32.45
98	1869	5	14.99
98	1937	8	39.03
121	386	3	19.2
183	102	4	4.21
98	668	5	6.36
102	5119	4	34
3019	14	3	8.66
304	14	43	216.13
261	196	3	22.83
1053	14	16	88.49
6854	14	3	16.59
127	145	6	33.97
98	920	13	52.78
1491	12	3	6.54
1907	242	4	51.43
1070	5170	3	52.1
455	130	3	21.41
98	3464	3	10.46
198	7	26	135.28
7939	14	3	16.59
98	3616	4	17.71
133	110	5	15.12
408	101	5	9.93
604	7	5	20.27
103	1703	4	27.87
244	866	7	88.21
7	290	42	341.37
1682	7	3	14.84
98	415	24	93.37
101	1738	4	16.8
7220	14	3	16.59
102	644	4	12.95
241	12	13	24.79
1349	12	3	6.08
98	2955	5	22.96
4948	4850	3	62.62
105	301	4	15.31
1469	14	10	44.75
5644	101	4	29.97
101	1043	3	7.66
12	180	18	33.96
4734	291	3	44.67
7	1148	13	104.88
3647	14	5	27.65
420	14	26	105.08
282	9	3	9.98
1111	3266	3	48.28
1873	12	3	7.66
13	165	4	21.41
12	1482	4	11.12
98	312	29	109.23
101	1649	3	9.97
2	221	9	43.11
434	2778	4	58.99
2674	14	7	38.71
102	596	4	12.31
625	358	14	205.85
1938	289	3	37.59
235	109	3	9.47
2808	14	6	27.57
1444	111	3	22.37
658	106	6	36.5
2775	106	3	22.13
102	2134	3	14.22
98	1272	4	7.65
4004	12	3	12.74
3248	104	4	34.34
441	149	3	23.44
1539	7	3	14.19
98	5989	3	16.94
462	105	4	18.23
255	1123	3	33.1
4246	14	4	17.24
665	7	3	9.54
2049	153	6	76.44
114	1193	4	32.93
1005	7	6	32.86
965	252	3	32.17
2107	1561	4	66.4
12	926	5	12.56
1026	14	16	88.49
98	1661	6	19.34
2	1632	3	18.97
12	2141	4	14.98
98	3513	3	10.46
119	106	15	43.84
654	12	5	9.16
506	12	4	4.51
98	2178	6	25.14
2914	665	3	45.48
102	2847	4	24.53
103	441	3	11.18
3311	14	6	33.18
6550	14	3	16.59
602	440	4	46.83
98	1072	7	19.79
991	14	10	33.18
576	278	4	42.83
130	105	14	51.43
101	1200	3	8.45
7658	14	3	16.59
858	14	17	81.5
102	292	4	7.73
2647	417	5	77.16
98	4454	3	12.57
98	2435	3	6.97
822	201	3	29.7
2408	118	3	27.77
101	520	6	16.49
98	1918	6	22.8
107	315	20	151.78
102	362	3	5.38
1079	933	3	40.76
242	1938	3	36.34
3495	101	3	15.84
464	9	3	12.79
269	2119	3	37.1
2041	438	3	40.05
937	14	9	27.3
2137	7	6	42.41
233	112	3	12.46
108	140	5	13.24
1359	12	3	6.08
157	6697	3	44.31
105	953	5	32.1
98	5557	3	12.57
648	916	6	85
98	3582	4	17.71
4020	14	5	27.65
101	565	3	4.79
1039	14	13	56.84
3732	101	3	15.84
605	289	15	215.77
103	202	5	15.52
103	143	11	40.21
158	486	12	139.43
101	1271	3	8.91
3362	14	6	33.18
1122	14	12	51.74
98	638	6	9.1
102	169	8	16.22
825	104	3	15.06
110	286	3	12.98
7	1096	15	134.57
98	2412	3	6.97
98	4531	3	12.57
472	108	5	27.54
12	1361	4	10.43
12	1429	3	6.54
2991	12	4	18.26
268	101	4	3.84
98	2925	3	8.99
2826	14	4	12.95
107	906	3	15.7
145	191	4	26.29
102	619	4	12.62
98	5935	3	16.94
776	1572	3	41.5
260	2350	4	53.28
1554	7	6	38.76
12	162	12	11.75
98	1394	3	4.55
7	4015	5	44.83
2490	102	7	59.52
873	12	3	4.31
1550	5694	3	58.72
2612	14	3	7.55
98	6190	3	16.94
1636	1712	6	106.29
123	157	6	34.38
3407	149	5	67.19
98	381	34	171.67
12	1105	3	5.27
6557	104	3	31.47
2220	12	3	9.13
107	806	4	22.5
7111	14	3	16.59
3637	14	5	27.65
98	538	21	88.01
4384	14	4	22.12
101	669	7	24.95
989	387	3	34.95
109	457	3	13.24
203	130	4	23.96
1759	14	9	43.4
1375	7	4	20.77
12	463	7	13.89
12	507	4	4.51
3298	118	3	30.04
1185	118	9	96.99
102	1707	3	13.49
103	5575	3	26.46
101	2597	3	13.11
98	6099	3	16.94
101	2264	3	12.13
400	178	3	25.04
98	5766	3	16.94
105	108	15	19.63
4320	2481	4	83.62
12	313	7	9.51
98	1379	3	4.55
12	254	9	12.12
1284	101	3	8.91
8119	14	3	16.59
2395	14	7	32.81
612	112	4	26.4
25	1636	3	40.91
12	1476	3	6.54
102	767	4	14.04
105	1495	5	36.34
1069	12	3	5.27
98	23	5	7.58
1173	932	9	153.31
130	188	3	15.84
98	2517	5	20.11
98	4568	3	12.57
102	259	7	18.72
7526	14	3	16.59
973	14	11	39.54
222	102	8	20.7
730	2788	3	44.53
108	102	19	6.28
12	967	4	8.25
108	158	3	6.69
12	1071	3	5.27
98	3595	3	10.46
98	3535	4	17.71
868	14	17	86.43
381	103	6	29.46
3920	4666	3	60.38
101	1427	3	9.41
828	151	4	38.78
101	805	3	6.38
659	101	3	5.4
2182	14	8	44.24
12	569	4	5.21
5455	14	3	12.22
117	5	6	26.8
103	851	3	14.55
1610	101	3	9.97
237	110	3	11.91
104	140	4	7.46
3266	14	6	33.18
1917	7	3	15.58
1123	266	3	33.44
101	3298	3	14.3
102	947	3	10.06
946	6692	3	55.77
127	771	3	23.65
163	102	15	46.68
2	566	8	52.17
102	695	6	25.1
114	139	25	180.12
98	2971	5	22.96
241	111	4	18.66
113	112	9	25.42
178	243	5	42.02
12	1590	4	11.89
98	223	63	332.13
12	1471	3	6.54
107	5583	3	27.28
209	7	14	55.97
6890	14	3	16.59
4777	14	4	22.12
12	314	5	4.21
98	1547	5	13.82
832	104	3	15.06
3909	12	3	12.74
485	390	4	44.28
12	822	3	4.04
12	653	4	5.75
107	4058	5	52.95
1314	680	4	55.88
5313	14	4	22.12
1721	14	9	43.4
3842	14	5	27.65
98	2462	6	28.27
6455	14	3	16.59
215	101	6	7.2
3867	5319	4	88.18
98	2506	4	13.4
3813	14	5	27.65
102	191	22	95.35
261	330	5	49.91
326	118	4	24.65
194	217	3	21.56
158	253	7	62.1
394	14	34	167.66
1449	14	5	12.26
6317	14	3	16.59
98	4378	4	22.59
382	1018	4	49.84
1864	7	4	22.54
2696	14	7	38.71
108	154	3	6.14
12	907	3	4.31
16	379	3	12.17
98	5564	3	12.57
98	3497	5	28.24
105	1092	3	16.65
98	5667	3	16.94
121	109	7	16.66
1401	7	3	13.6
554	123	3	21.3
7134	14	3	16.59
108	244	4	14.97
111	2685	3	26.27
5349	14	3	12.22
2669	14	4	12.95
7165	14	3	16.59
917	2582	3	45.83
12	1756	3	7.66
98	2162	7	33.63
2714	21	6	68.83
2916	6155	3	63.3
483	213	4	38.98
555	106	3	13.05
98	4470	4	22.59
98	2479	4	13.4
1059	12	3	4.92
1235	104	3	17.04
130	115	25	171.48
705	14	8	17.22
1630	14	10	48.73
2436	7	3	16.42
5645	601	3	48.77
1018	1483	3	42.68
4346	166	3	40.54
955	101	3	7.3
1263	930	3	41.73
5243	14	3	12.22
904	355	4	48.33
12	2	64	22.49
98	1544	8	32.66
98	1393	5	12.8
12	299	7	9
953	111	4	29.28
109	106	15	20.41
319	281	5	50.4
1573	9	10	100.86
6586	14	3	16.59
6553	14	3	16.59
114	159	8	43.99
6927	14	3	16.59
911	207	4	43
4678	14	4	22.12
12	1319	4	10.43
98	448	9	15.63
98	524	9	18
103	1017	3	15.65
148	5718	3	43.46
174	252	6	52.85
255	351	3	26.82
1	287	4	31.46
112	298	6	37.02
2905	114	3	28.92
112	149	16	99.57
129	102	40	152.03
323	293	3	27.43
3077	14	3	8.66
4378	12	3	14.89
160	160	6	44.47
978	111	5	39.18
116	462	5	35.55
3734	12	4	20.82
1920	14	3	5.91
3044	14	5	22.37
105	5	4	6.73
150	6084	3	43.61
1102	4013	3	49.87
144	114	4	14.78
5	569	3	23.69
20	18	3	41.5
102	2083	6	39.64
12	2760	4	16.42
192	259	4	32.85
112	110	29	137.24
8	1515	10	103.34
929	242	3	31.96
98	1259	7	20.99
5949	599	3	53.27
116	134	26	187.13
101	776	3	6.11
98	501	7	10.18
154	351	3	22.77
2007	14	8	38.09
1075	14	8	24.42
819	654	16	277.8
210	14	64	305.04
3355	14	6	33.18
5569	14	3	12.22
350	338	4	40.98
1780	252	3	35.79
1593	14	11	60.83
98	1009	6	13.94
98	1077	12	53.14
17	103	11	20.09
468	7	7	30.2
5083	14	4	22.12
102	405	5	14.38
98	4262	4	17.71
134	6658	3	41.62
119	12	30	22.42
101	121	12	6.84
101	268	6	9.58
12	861	5	11.42
1128	1581	5	79.99
2484	7	3	17.43
101	445	7	19.59
2749	14	6	27.57
1568	102	3	12.84
862	12	3	4.04
105	642	4	20.63
111	57	3	5.22
98	2496	3	7.87
2122	658	9	163.31
2568	14	6	27.57
3772	14	5	27.65
2523	7	3	17.43
118	284	4	23.41
962	12	5	12.56
107	2722	3	22.24
7462	102	3	25.5
107	2825	3	22.24
98	1936	3	6.22
1262	12	3	6.08
1126	618	3	38.26
1499	102	3	12.26
5142	105	3	27.05
822	7	3	10.69
380	563	4	45.19
226	109	8	39.8
6107	14	3	16.59
98	3551	5	28.24
107	1558	6	48.44
2151	101	5	27.02
1815	5	3	30.04
702	7	4	15.41
98	1679	8	35.42
12	876	5	11.97
172	12	11	10.59
1160	12	3	5.66
1622	194	5	61.95
446	102	3	6.26
3665	44	5	80
102	2802	4	24.53
98	2124	5	16.36
1641	14	10	48.73
6136	14	3	16.59
1662	7	3	14.84
3289	14	4	14.74
2065	14	9	49.77
237	149	8	69.3
5776	14	3	16.59
114	513	16	159.3
7	156	102	873.6
7	106	124	424.73
102	7782	3	25.5
112	122	3	5.58
7	1504	12	107.64
725	104	4	21.29
124	106	136	1188.95
101	728	3	5.86
209	542	3	27.85
7529	14	3	16.59
12	582	8	20.86
98	1166	6	15.75
101	1042	3	7.66
12	329	6	7.1
2105	374	3	39.17
1219	102	3	11.27
105	294	4	15.14
98	3808	3	10.46
98	5826	3	16.94
1559	104	11	115.48
411	745	3	33.74
7	559	23	183.88
347	12	6	7.57
896	14	9	25.99
4236	109	3	26.2
98	107	682	3080.06
393	522	3	31.51
2830	186	5	68.47
1353	14	9	34.24
1001	933	3	40.33
3111	14	4	14.74
4855	14	3	12.22
101	623	3	5.18
12	520	4	4.51
5511	14	4	22.12
98	5974	3	16.94
98	5891	3	16.94
109	184	15	87.33
259	125	14	125.72
1006	7	4	18.14
165	3407	3	36.73
338	101	5	8.78
12	332	20	72.41
6913	14	3	16.59
1964	189	3	34.57
770	101	3	6.11
98	237	46	196.5
7537	14	3	16.59
114	271	3	14.37
102	646	4	12.95
581	108	3	14.41
98	2897	3	8.99
98	2957	6	33.89
101	1183	3	8.45
101	1303	3	8.91
1495	14	6	17.32
102	138	12	23.51
400	1873	3	38.75
8079	14	3	16.59
176	9	8	33.69
684	14	6	8.99
157	103	4	8.37
2778	14	7	38.71
1540	7	3	14.19
12	686	5	9.56
1236	341	5	65.6
706	150	3	26.11
12	1092	3	5.27
98	1684	5	14.99
7	5205	4	35.86
103	1236	3	16.52
331	12	8	13.36
3646	14	4	17.24
4342	143	3	38.76
924	9	3	16.52
98	4258	3	10.46
98	4360	3	12.57
98	997	12	50.28
2959	4556	4	85.54
8	2445	7	76.99
1128	3058	5	89.74
110	492	3	16.07
98	1074	5	10.37
4555	1401	3	53.62
3694	14	5	27.65
8172	14	3	16.59
424	665	5	61.77
358	14	6	3.98
12	924	3	4.6
12	872	4	7.81
1664	700	5	76.8
102	1174	3	11.27
274	12	8	10.18
7048	102	3	25.5
8046	102	3	25.5
98	3459	3	10.46
204	108	33	259.85
101	585	3	4.98
1959	101	3	11.31
12	790	4	7.03
115	9	6	7.66
103	191	6	20.28
1556	14	3	4.74
118	121	3	7.39
103	5103	3	26.46
110	162	3	9.23
98	2433	4	11.99
98	310	37	171.39
206	106	3	7.26
1276	2202	3	46.98
3524	706	3	47.36
6481	14	3	16.59
12	3027	3	11.23
796	101	3	6.38
12	286	6	5.51
12	120	35	43.14
332	5332	3	45.5
138	139	4	20.52
98	1270	3	4.12
1403	12	4	11.12
6632	14	3	16.59
1890	7	4	23.61
102	1823	5	28.79
112	119	19	91.93
191	105	4	11.18
8	5	4	8.33
12	1185	3	5.66
302	1347	3	35.39
114	1505	3	23.76
12	160	10	6.82
98	1531	3	5.03
104	1317	3	17.53
101	967	4	12.04
1525	1403	3	45.23
98	133	107	398.44
3133	14	5	22.37
255	14	10	8.47
145	125	8	48.48
255	161	6	51.46
6712	14	3	16.59
114	155	5	21.9
123	293	3	17.75
625	103	3	12.85
1912	166	5	62.82
8	182	9	42.65
114	349	5	32.07
98	383	8	10.1
12	414	6	8.91
974	14	17	94.02
3951	14	4	17.24
263	107	3	8.9
101	4665	3	18.03
2465	1003	4	65.63
12	1058	3	4.92
2799	14	6	27.57
568	7	3	8.82
12	923	3	4.6
329	104	3	10.26
6228	242	3	47.79
276	16	51	549.48
2394	14	7	32.81
336	101	8	21.05
319	1634	3	36.82
5139	14	3	12.22
101	1273	3	8.91
3774	14	5	27.65
1059	104	5	32.7
2372	118	3	27.77
150	3590	4	53.17
101	6566	3	22.48
101	507	4	7.9
135	1942	8	106.98
160	608	8	88.36
1374	7	6	37.3
98	1905	5	16.36
111	163	3	9.59
136	1174	4	39.89
423	169	3	24.98
297	108	9	52.94
3011	341	3	41.83
113	676	3	18.9
4059	12	3	12.74
5285	102	3	21.03
98	2467	5	20.11
98	2519	4	13.4
4552	2959	4	85.54
1713	14	3	5.28
5	1889	3	30.8
212	1594	4	48.1
1183	12	3	5.66
98	873	15	68.88
12	1784	3	7.66
101	162	10	14.89
161	108	5	16
98	3597	3	10.46
1684	14	4	9.44
14	545	6	7.31
101	592	3	4.98
8	5705	3	32.98
1152	14	4	6.67
1515	9	10	100.86
101	800	3	6.38
8211	101	3	22.48
4908	105	3	27.05
4768	14	3	12.22
112	208	6	31.29
1234	102	3	11.27
98	540	15	47.65
12	1152	7	26.21
237	119	21	192.35
406	163	3	24.3
98	368	14	32
12	1323	4	10.43
316	14	42	216.37
2266	105	3	21
98	6214	3	16.94
1891	14	9	49.77
98	166	46	135.57
208	1844	6	79.97
2171	7	3	16.42
2176	4572	4	82.09
1755	12	3	7.66
98	5840	3	16.94
1104	617	4	53.8
101	845	5	16.23
938	14	13	53.86
4603	119	3	33.87
978	207	3	30.67
98	4419	3	12.57
2	639	5	28.6
107	549	3	13.17
340	9	3	11.13
865	7	4	17.11
1548	3492	3	51.99
493	104	3	12.25
4670	111	3	31.32
12	2603	3	10.07
7761	14	3	16.59
244	7	14	61.96
125	189	4	22.11
98	3530	3	10.46
98	3478	3	10.46
1171	14	4	6.67
4602	14	3	12.22
102	1132	3	10.83
1459	101	3	9.41
187	179	3	20.22
98	1700	3	5.58
108	231	3	9.2
98	862	16	74.18
3623	4481	3	60.38
300	224	3	25.15
566	2688	4	60.97
102	441	7	26.16
167	1365	7	87.62
104	138	3	3.86
12	1216	3	5.66
1629	14	11	60.83
5	1375	4	41.09
174	238	7	63.53
102	1033	9	54.8
2	388	21	172.45
3617	788	3	47.98
228	118	3	14.33
98	5958	3	16.94
1152	9	3	17.79
2163	101	4	19.07
98	1291	5	11.9
671	14	17	68.4
5350	14	3	12.22
3751	14	5	27.65
98	1545	8	32.66
12	198	13	18.69
634	281	3	30.72
101	3399	5	32.11
2715	21	7	87.02
98	2973	3	8.99
110	774	8	66.71
2	3048	4	34.76
12	1517	3	7.07
154	109	19	108
763	14	18	82.72
98	2930	4	15.2
2620	14	4	12.95
102	732	4	13.66
98	57	38	34.74
12	1575	6	23.86
103	644	4	19.87
109	1569	4	29.52
98	1542	7	25.61
3562	7	3	20.21
8187	14	3	16.59
3843	14	4	17.24
334	109	4	17.78
441	119	5	36
8037	14	3	16.59
112	300	11	82.52
2977	103	3	22.66
4191	14	5	27.65
5314	14	4	22.12
727	102	3	8.52
368	102	3	5.52
1615	21	9	101.51
116	131	5	18.78
101	653	5	13.81
98	370	32	148.4
2499	7	4	26.37
98	2885	4	15.2
8	193	3	8.16
6454	14	3	16.59
101	1590	4	15.88
1025	3647	3	49.44
294	102	10	37.44
102	530	11	56.51
674	12	4	6.04
98	3443	4	17.71
98	5562	4	22.59
358	221	4	37.11
242	605	7	82.37
172	127	6	38
7949	14	3	16.59
6891	14	3	16.59
616	109	6	38.45
152	2639	3	34.31
3380	105	3	23.25
3603	9	5	53.74
98	1904	4	10.84
4928	14	3	12.22
101	2686	3	13.11
712	16	4	22.9
102	1491	4	18.96
152	553	5	47.36
111	146	5	18.49
102	275	31	192.56
825	12	3	4.04
103	3051	4	33.65
2305	348	4	56.09
110	222	6	30.82
1383	12	3	6.54
460	12	6	9.85
98	2477	3	7.87
110	178	4	15.42
576	101	3	4.98
692	101	3	5.62
105	3387	3	23.25
259	2080	3	36.76
5	702	5	46.92
635	860	3	36.96
1648	118	4	36.74
4098	14	5	27.65
350	1106	3	35.3
1328	14	11	49.93
12	982	3	4.6
7	3195	5	39.45
98	1007	4	6.07
98	1075	4	6.54
127	294	8	66.31
754	104	5	29.57
3371	213	4	54.88
98	2430	3	6.97
184	225	9	86.09
103	127	7	14.51
98	703	9	22.66
101	582	7	23.07
12	728	5	9.98
7528	14	3	16.59
106	490	6	33.53
173	12	23	52.26
7712	101	3	22.48
578	14	20	83.31
12	3856	3	12.74
5234	14	4	22.12
12	3736	3	12.74
133	1862	3	29.42
634	145	7	72.45
122	779	10	104.52
1642	14	11	60.83
662	14	5	5.9
102	6857	3	25.5
102	809	3	9.08
98	148	50	126.25
98	503	6	7.13
98	399	11	20.88
397	169	3	24.62
168	16	3	7.08
102	2335	3	15.06
235	164	3	21.12
214	214	11	112.95
823	7	14	103.81
594	114	3	18.72
1761	14	5	14.44
239	830	3	31.23
101	2554	3	13.11
107	2041	4	30.04
5195	102	3	21.03
4880	12	3	14.89
12	474	4	4.11
126	1901	8	102.4
573	8	5	29.7
98	6157	3	16.94
111	860	3	19.32
223	325	3	25.47
107	2571	4	32.83
135	578	6	56.8
12	1203	5	14.66
1270	245	5	62.68
1188	12	3	5.66
490	194	3	26.7
218	130	3	16.81
2158	109	3	22.37
8051	14	3	16.59
116	491	4	27.07
12	193	8	5.62
5281	1070	3	52.1
242	369	4	38.24
112	446	3	16.24
1219	12	5	14.66
12	701	6	14.14
98	1934	8	39.03
277	102	10	35.32
101	536	3	4.6
101	476	6	15.69
6878	14	3	16.59
6804	119	3	38.36
1851	109	3	20.75
1124	14	14	70.21
102	202	8	18.82
102	143	35	151.67
98	738	16	65.34
307	102	3	4.66
317	372	3	28.74
549	12	4	4.97
194	490	3	26.7
430	1994	3	39.86
150	751	10	116.91
12	7911	3	19.3
12	1800	3	7.66
101	1548	3	9.97
21	287	7	46.99
98	4365	4	22.59
5470	14	3	12.22
6641	14	3	16.59
597	663	3	35.21
4910	14	3	12.22
12	2297	3	9.13
4160	14	3	10.12
106	5	4	6.85
102	1332	3	11.74
98	1677	3	5.58
1386	2171	3	47.53
212	134	7	51.9
2469	118	3	28.8
121	146	4	18.3
12	1075	4	9.24
12	1007	3	4.92
98	3599	4	17.71
98	3479	3	10.46
8	1887	6	54.55
98	4315	3	12.57
7	613	25	224.42
381	12	5	5.48
103	344	14	92.23
4812	14	4	22.12
5128	200	3	41.76
101	1499	4	15.08
2445	9	7	75.26
3326	14	5	22.37
5420	104	3	26.98
110	122	11	44.15
98	2505	3	7.87
102	322	6	17.32
701	201	4	40.89
7634	102	3	25.5
111	2	6	4.6
2362	14	6	24.44
167	991	8	97.23
132	136	5	26.09
7	7379	3	26.9
12	3007	3	11.23
209	12	11	14.22
539	106	3	12.83
915	341	4	47.9
8081	14	3	16.59
5705	9	3	32.24
295	101	6	11.02
1069	103	4	23.99
5	1374	6	67.98
837	14	19	105.09
175	895	7	82.66
152	3372	3	35.55
102	2300	3	15.06
1505	102	3	12.26
12	1337	3	6.08
116	284	6	39.31
102	5610	3	21.03
313	12	6	6.67
582	128	5	42.75
103	5537	3	26.46
4997	14	4	22.12
2766	125	3	30.7
98	6027	3	16.94
348	14	39	206.55
203	109	26	189.68
101	705	3	5.86
594	102	3	7.57
7	324	39	323.86
8	192	7	30.47
98	369	6	4.66
494	105	4	18.76
104	157	7	22.92
1372	276	3	35.18
103	964	3	15.26
12	1425	3	6.54
2579	105	3	22.02
130	619	3	22.97
101	1772	3	10.59
503	7	4	13.16
2	99	73	9.81
98	2929	3	8.99
139	403	3	21.94
5822	5865	3	71.61
105	264	3	8.79
7	1344	12	100.61
1016	12	3	4.92
1312	101	3	8.91
12	234	18	45.36
8052	14	3	16.59
106	472	3	12.22
1416	101	3	9.41
955	102	4	15.83
12	655	4	5.75
98	1903	3	6.22
123	4191	3	33.35
1383	101	4	15.08
323	793	3	32.95
6479	14	3	16.59
98	2476	4	13.4
321	105	5	22.05
98	4543	3	12.57
140	145	3	14.91
437	191	3	26.02
12	3402	3	11.23
1265	14	4	7.24
12	992	4	8.25
208	102	10	28.52
2031	105	3	20.14
959	14	8	21.9
98	3442	4	17.71
5471	14	3	12.22
6646	14	3	16.59
98	5561	4	22.59
101	1137	3	8.04
130	102	7	5.55
921	4444	4	74.11
102	230	4	5.9
98	2431	4	11.99
8272	14	3	16.59
110	298	5	27.66
6906	119	3	38.36
2514	601	3	43.71
4834	14	4	22.12
14	2933	3	8.66
3219	21	5	56.72
233	102	7	17.38
7	3196	6	53.8
102	1248	3	11.27
102	1113	6	31.08
2319	14	7	32.81
5655	14	4	22.12
1669	3709	3	52.67
98	2174	6	25.14
102	2708	4	24.53
1724	12	3	7.66
98	1008	7	18.71
104	674	3	13.87
98	1076	9	31.38
12	1752	5	18.72
98	571	23	111.72
98	504	6	7.13
7	3057	4	28.27
98	400	23	84.44
12	1291	3	6.08
5935	687	3	53.8
5632	1570	3	54.22
452	189	4	37.33
101	832	3	6.67
1	1	4	25.18
2150	12	5	21.84
1838	248	4	50.47
12	177	17	29.9
3723	14	4	17.24
1079	101	3	8.04
5015	14	4	22.12
12	1494	3	6.54
98	198	16	18.81
301	103	5	20.43
159	130	3	14.52
104	365	3	10.7
98	249	31	98.33
735	112	3	18.77
427	14	31	151.59
849	115	3	21.02
98	2940	6	33.89
2461	8	3	23.45
2	165	3	6.12
945	896	3	39.55
672	102	3	8.26
877	12	4	7.81
2421	2367	3	50.44
266	12	9	12.94
2619	14	4	12.95
713	356	4	46.54
105	163	3	5.81
12	57	39	60.61
12	581	7	16.31
2314	12	3	9.13
355	105	5	23.05
725	105	3	14.21
495	554	8	107.67
4573	2429	3	56.53
1158	283	4	48.56
892	101	3	6.97
3840	14	3	10.12
7	228	62	540.02
1030	12	3	4.92
135	579	4	34.23
1898	118	9	115.22
12	1338	3	6.08
361	361	8	96.13
127	251	5	34.16
2786	716	6	103.39
576	380	4	45.52
98	1678	4	9.87
839	101	4	11.13
2249	14	7	32.81
161	14	31	57.87
98	3476	3	10.46
98	3612	4	17.71
98	3552	3	10.46
620	497	3	33.77
687	101	5	14.24
909	14	12	44.23
12	834	3	4.04
98	739	17	73.07
941	14	16	81.01
98	605	9	20.12
107	2824	3	22.24
101	1293	3	8.91
98	2534	3	7.87
140	281	28	336.7
98	4501	4	22.59
102	247	5	9.81
8	992	7	54.04
109	185	3	7.9
1849	12	4	12.77
338	12	5	4.71
1810	1629	3	46.51
121	2239	3	29.37
5528	14	4	22.12
120	105	5	6.48
7759	14	3	16.59
621	101	3	5.18
105	149	4	8.13
2188	14	7	32.81
145	105	3	4.54
6794	14	3	16.59
874	14	18	99.55
5600	119	3	33.87
3097	14	6	33.18
542	1403	4	55.26
411	2448	3	41.4
13	133	5	23.44
279	111	4	19.96
7520	14	3	16.59
1214	14	14	77.43
3327	14	6	33.18
543	283	9	113.56
7	7	39	11.7
4703	14	4	22.12
604	12	6	12.61
101	622	5	13.4
12	383	6	8.34
179	3695	4	56.02
5	745	4	35.93
274	137	3	19.48
106	199	3	7.05
1071	12	3	5.27
98	1683	6	20.92
7	5206	4	35.86
1251	1692	6	102.33
208	191	7	61.87
150	1914	5	60.4
25	14	6	8.99
6098	14	3	16.59
2792	14	5	19.53
98	998	13	58.36
586	14	20	83.31
1984	109	3	21.5
638	665	6	81.52
98	4257	3	10.46
98	4359	4	22.59
2127	12	3	8.34
936	12	3	4.6
307	103	6	27.01
98	744	16	65.34
2690	14	6	27.57
1360	14	11	49.93
972	389	3	34.95
708	8258	3	54.09
423	7	6	22.75
2530	7	5	36.5
2156	12	3	9.13
3489	3529	3	58.15
264	108	4	15.52
190	1366	3	32.07
900	12	3	4.31
703	2528	4	62.76
320	886	3	33.5
483	304	4	42.45
8126	14	3	16.59
321	170	3	23.52
110	163	5	20.27
98	4527	4	22.59
808	145	3	26.47
98	2432	3	6.97
12	1890	3	8.34
101	1454	3	9.41
871	546	3	36.56
206	853	5	55.76
371	102	3	5.52
98	1073	7	19.79
98	1013	4	6.07
12	1813	3	7.66
1698	7	3	14.84
5253	14	3	12.22
146	103	3	4.12
98	3562	3	10.46
567	143	3	24.46
4852	101	3	18.03
2274	115	4	38.98
1457	102	4	18.96
1005	12	3	4.92
101	264	7	12.82
12	925	3	4.6
546	1169	3	38.23
1653	12	5	17.51
101	2564	4	20.55
12	472	5	6.91
2000	14	8	38.09
101	839	7	28.02
116	145	13	81.8
12	1184	3	5.66
3132	1523	3	50.4
98	505	9	17.36
131	143	3	13.4
185	259	6	54.04
109	1178	3	18.45
2272	14	8	44.24
98	2945	3	8.99
7	392	37	332.38
98	311	38	180.43
3243	14	3	8.66
481	109	3	13.63
542	101	4	8.42
98	5939	3	16.94
3776	12	3	12.74
254	134	8	65.1
4854	14	4	22.12
1942	14	9	49.77
103	961	4	22.86
485	104	4	18.68
6858	111	3	35.82
1437	12	3	6.54
98	1276	8	28.48
2109	413	3	39.51
6544	14	3	16.59
208	914	3	30.38
98	1532	9	40.65
260	902	4	45.3
6918	14	3	16.59
98	5932	3	16.94
105	194	3	6.89
132	2	4	6.21
102	1946	6	39.64
2845	12	3	10.07
526	331	3	30.94
102	718	3	8.52
477	12	4	4.11
1404	135	3	28.88
8	435	33	364.23
114	305	9	66.5
6579	14	3	16.59
3423	9	3	25.53
849	105	3	15.13
3012	14	5	22.37
5124	14	4	22.12
679	14	22	113.59
3104	200	3	37.95
6363	14	3	16.59
98	2483	4	13.4
2379	14	5	17.45
101	1220	3	8.45
101	1272	3	8.91
98	635	15	54.08
172	376	6	57.84
2814	14	7	38.71
1962	109	4	31.56
8206	14	3	16.59
684	436	4	47.56
108	137	3	4.84
116	1969	4	38.19
17	116	4	8.21
3759	14	3	10.12
98	2158	4	11.99
211	521	3	27.49
1265	9	3	18.29
165	129	3	14.59
1183	101	3	8.45
357	14	19	53.65
12	3563	3	12.74
102	590	7	29.77
4337	4380	3	62.62
98	3596	3	10.46
98	3536	4	17.71
12	2356	3	9.13
2198	1978	6	114.45
106	57	5	7.26
469	105	4	18.49
108	157	4	10.56
7	3231	6	53.8
8144	14	3	16.59
161	177	3	18.92
120	4320	4	52.56
977	101	3	7.3
3666	14	3	10.12
101	239	6	8.53
632	7	3	9.29
101	551	4	8.42
2871	14	6	33.18
16	13	6	13.62
6679	104	3	31.47
98	2570	4	13.4
98	8266	3	16.94
107	403	3	11.44
118	300	3	16.31
118	151	5	23
98	790	6	11.17
3130	101	3	14.3
102	3071	4	26.42
3835	14	5	27.65
1624	440	6	88.46
1516	13	4	39.89
98	2907	4	15.2
6517	14	3	16.59
105	1496	6	46.52
1393	101	4	15.08
2933	7	3	18.65
1106	14	15	82.96
6584	6833	3	71.61
98	120	52	66.71
223	460	3	27.31
101	1055	3	7.66
1497	12	3	6.54
98	1380	5	12.8
1331	5	3	28.21
14	748	5	6.68
148	2858	3	35.14
480	2775	3	42.55
98	5765	3	16.94
5629	14	4	22.12
105	110	14	26.54
4138	14	5	27.65
5481	14	4	22.12
1288	14	13	71.89
101	668	4	9.62
452	12	4	3.92
12	506	7	14.79
279	231	3	24.71
2821	16	4	34.07
967	550	3	36.94
597	278	4	42.83
2154	7	3	16.42
952	14	17	94.02
191	125	10	74.67
333	14	34	148.23
4484	21	4	49.69
16	107	11	9.72
4056	14	4	17.24
8260	14	3	16.59
101	378	4	6.02
243	259	8	82.54
1298	14	12	59.44
2218	14	6	24.44
19	700	3	39.54
225	14	60	297.46
197	114	5	25.21
1931	106	7	64.36
3680	12	3	12.74
98	2541	4	13.4
261	348	4	38.38
102	339	4	8.85
107	322	14	94.44
7	817	17	135.69
98	4351	4	22.59
165	134	3	15.23
221	102	6	12.36
4170	518	3	45.59
487	153	4	35
4700	14	4	22.12
103	523	3	11.95
7525	14	3	16.59
410	109	7	41.6
102	3925	5	42.51
2368	14	7	32.81
768	330	3	32.78
12	1047	3	4.92
1602	12	3	7.07
98	5552	3	12.57
601	12	4	5.47
5339	128	4	54.51
101	842	3	6.67
5706	99	3	16.94
413	189	4	36.33
642	143	3	25.2
1252	101	3	8.45
4233	14	5	27.65
2392	14	8	44.24
177	103	6	19.44
6135	6014	3	71.61
114	429	4	25.13
570	7	7	32.91
2797	14	6	27.57
104	108	13	14
12	1233	4	9.81
107	4540	3	27.28
835	102	3	9.39
168	12	8	4.09
98	6252	3	16.94
206	152	10	88.33
424	1170	6	84.1
289	12	10	17.95
1357	14	13	71.89
1376	7	5	28.69
1758	14	9	43.4
310	103	4	14.92
786	7	7	37.17
352	110	19	169.78
7108	14	3	16.59
12	215	9	9.39
12	116	41	44.54
12	171	14	18.77
966	12	3	4.6
101	1098	7	32.11
101	2137	3	11.31
512	333	4	43.51
105	154	4	8.73
1956	12	5	20.14
1849	14	5	14.44
6292	14	3	16.59
12	129	30	42.06
338	14	19	51.33
8131	14	3	16.59
3685	14	3	10.12
749	7	7	36.36
612	149	3	25.19
98	2953	6	33.89
7484	21	3	37.26
504	787	12	186.93
104	121	69	458.29
522	14	24	106.74
98	545	17	61.67
278	198	3	23.41
888	101	4	11.57
1715	14	9	43.4
2823	14	7	38.71
3820	14	5	27.65
1605	14	10	48.73
3446	14	5	27.65
98	1251	4	7.06
342	102	3	5.13
248	224	3	23.62
7	3293	6	53.8
137	134	12	84.8
318	102	4	8.34
2152	102	5	32.01
2534	101	3	13.11
98	3466	5	28.24
7807	119	3	38.36
98	5637	4	22.59
98	3542	3	10.46
98	3618	4	17.71
133	112	3	6.99
6896	14	3	16.59
355	802	3	33.56
102	385	6	19.1
102	565	3	7.35
4019	14	5	27.65
4263	12	4	20.82
118	111	5	10.83
1753	12	3	7.66
98	4507	3	12.57
98	8272	3	16.94
2138	7	5	32.56
1924	14	4	10.4
4157	14	5	27.65
1240	14	9	32.17
111	114	5	9.25
335	7	6	20.46
98	1867	6	20.92
58	8	4	7.02
101	541	3	4.79
606	101	3	5.18
164	890	3	28.77
3546	5925	3	64.88
98	869	5	8.56
98	929	5	9.11
12	1780	4	12.77
114	2243	3	26.66
103	553	3	12.38
415	108	3	12.61
101	1568	8	47.2
1440	12	3	6.54
98	1689	6	20.92
98	7748	3	16.94
16	448	3	13.04
106	323	3	10.29
5544	14	4	22.12
7539	14	3	16.59
193	145	3	18.03
108	490	6	35.84
98	1894	5	16.36
1557	12	3	7.07
271	102	8	24.33
98	2471	3	7.87
4605	14	4	22.12
127	441	3	20.79
1538	7	4	21.6
137	1862	4	43.18
112	1222	4	31.58
102	836	7	34.85
402	236	3	27.06
5	423	5	42.13
2262	12	3	9.13
151	12	45	139.78
98	1385	7	23.85
12	256	11	18.63
611	145	5	47.35
12	138	22	28.96
8	5709	3	32.98
209	488	3	27.19
124	118	3	7.64
12	4866	3	14.89
7	7488	3	26.9
417	14	33	167.49
915	103	6	39.13
102	4227	3	18.83
1389	7	4	20.77
98	544	12	32.52
3762	14	4	17.24
1346	1581	4	62.71
98	424	10	18.23
3696	14	5	27.65
652	102	4	12.95
9	57	4	5.03
1390	288	3	35.55
3083	12	3	11.23
7223	14	3	16.59
7085	14	3	16.59
98	1535	4	9.03
98	1400	6	17.99
12	240	6	4.01
44	104	3	8.34
102	5334	4	34
101	1015	3	7.66
669	288	5	57.88
1733	14	8	34.49
98	2919	3	8.99
1271	636	3	39.49
12	3876	3	12.74
107	900	4	23.43
103	145	3	4.08
700	1664	4	58.86
102	219	13	45.78
447	104	10	64.73
98	4581	3	12.57
98	4537	3	12.57
98	2410	4	11.99
98	2486	3	7.87
2934	1170	3	48.75
299	102	8	26.6
605	2910	3	44.95
6483	14	3	16.59
101	511	4	7.9
2521	825	4	64.07
1037	1638	5	79.21
7971	14	3	16.59
12	748	4	6.68
2048	14	8	38.09
101	140	11	12.48
116	777	6	50.77
5856	7	3	26.9
189	105	5	15.95
98	3436	4	17.71
98	3588	4	17.71
180	102	7	13.53
102	471	8	33.28
2117	144	6	75.41
101	1480	4	15.08
7834	14	3	16.59
4915	14	3	12.22
1063	105	4	24.18
4850	14	4	22.12
12	2633	3	10.07
6709	14	3	16.59
2229	14	7	32.81
7	3751	5	44.83
2574	12	3	10.07
14	4414	3	12.22
203	111	3	10.99
101	649	3	5.4
98	526	27	144.05
12	1114	3	5.27
4815	14	4	22.12
191	119	5	26.94
98	2881	3	8.99
102	6987	3	25.5
14	1666	3	5.28
7530	14	3	16.59
766	375	3	33.41
8074	279	3	48.79
98	1538	4	9.03
7	4006	5	44.83
98	1387	3	4.55
386	104	3	11
1765	118	6	63.3
1293	102	5	25.41
470	238	5	52.45
98	5926	3	16.94
105	127	4	5.26
1170	7	4	19.34
407	109	4	19.04
2367	14	7	32.81
1191	14	7	20.21
101	454	3	3.95
336	1168	8	115.68
3519	14	5	27.65
108	452	4	19.88
12	6813	3	19.3
98	1900	4	10.84
3893	14	4	17.24
980	6772	3	55.77
240	355	3	26.66
102	279	3	4.06
102	108	19	6.28
226	7337	3	47.3
175	12	29	81.42
33	33	5	73.05
7	2375	8	71.74
1333	109	8	70.54
289	867	3	32.83
4235	105	3	24.83
1366	14	9	34.24
357	143	5	42.36
17	177	4	17.71
1763	14	9	43.4
98	1086	10	38
7	699	20	161.74
98	2164	7	33.63
98	4387	4	22.59
98	3499	5	28.24
101	244	6	8.69
148	746	3	26.26
5370	14	4	22.12
3771	14	5	27.65
12	852	3	4.04
110	7471	3	35.42
1028	101	3	7.66
1442	127	3	27.36
98	3482	3	10.46
1207	261	3	33.68
106	129	4	5.5
3563	14	5	27.65
7	3225	6	53.8
894	12	4	7.81
787	604	3	36.36
1471	106	4	27
98	934	4	5.63
17	57	4	10.56
3670	14	5	27.65
1829	14	10	55.3
844	101	5	16.23
500	7	9	45.25
98	4491	3	12.57
132	2034	3	30.07
4211	14	5	27.65
102	268	6	14.71
107	342	11	69.19
637	269	3	30.48
1918	312	8	127.27
149	108	3	5.7
103	6294	3	30.94
349	102	6	18.17
8	3423	3	26.27
14	2892	4	14.74
465	7	5	18.03
3823	14	5	27.65
1258	468	4	52.59
111	103	10	12.97
184	3779	3	39.15
486	14	17	54.66
1677	289	4	52.02
5572	14	4	22.12
4790	14	4	22.12
98	1549	9	40.65
12	202	7	3.96
309	102	18	93.32
254	275	4	35.88
800	4010	3	47.98
7	432	31	258.15
5170	2237	3	56.53
306	384	3	28.76
98	173	81	410.06
102	4214	3	18.83
4158	14	4	17.24
98	425	7	8.27
102	1029	4	16.35
8055	118	3	38.34
205	102	4	4.89
138	431	3	22.29
452	9	3	12.59
12	456	5	6.64
505	16	21	195.33
105	1357	3	17.59
98	2888	5	22.96
7763	14	3	16.59
12	1386	3	6.54
4466	14	4	22.12
1965	14	3	5.91
1390	498	3	38.62
999	102	11	73.81
105	102	21	4.83
107	2066	8	78.49
112	271	4	20.15
9	14	134	109.37
6959	14	3	16.59
1408	109	3	19.49
2470	4408	3	57.55
7795	128	3	40.87
101	3229	3	14.3
12	1796	4	12.77
98	2122	9	50.84
5246	14	3	12.22
139	779	5	47.93
153	103	3	4.48
98	3609	3	10.46
5023	105	3	27.05
126	1552	8	95.8
161	12	35	102.76
481	690	3	34.3
12	697	4	6.04
98	1878	8	35.42
461	14	23	90.36
684	105	5	28.67
110	318	3	13.74
5348	14	4	22.12
110	141	16	92.75
98	4446	4	22.59
98	2455	5	20.11
14	1545	3	4.74
7	2329	7	56.77
118	171	4	18.78
101	1192	3	8.45
103	118	6	6.95
1896	108	3	21.41
8185	14	3	16.59
2662	225	4	53.57
98	707	5	6.74
98	750	17	76.08
2589	14	7	38.71
7224	14	3	16.59
2728	14	5	19.53
103	1606	3	18.15
270	103	4	13.47
101	375	7	17.63
98	36	3	16.94
107	1146	4	25.07
229	12	7	5.67
98	3452	5	28.24
3965	12	3	12.74
12	2320	3	9.13
866	101	3	6.97
303	109	5	23.58
98	1670	9	44.46
367	384	5	55.36
12	1038	3	4.92
3845	14	3	10.12
17	234	6	35.5
98	1079	6	14.8
102	555	16	99.91
102	403	3	5.8
107	262	44	409.97
98	4342	4	22.59
98	574	7	11.57
131	134	7	39.4
839	2039	3	43.58
12	1234	3	5.66
102	4197	3	18.83
1183	4587	3	52.57
214	119	3	13.9
5	1521	3	29.36
98	6132	3	16.94
2252	14	7	32.81
3369	14	6	33.18
102	1754	4	20.72
12	426	7	12.68
98	1265	4	7.65
155	328	23	285.18
403	104	4	17.18
98	1161	12	56.55
389	2419	3	40.21
2769	722	3	44.53
150	1167	5	54.53
160	102	22	84.5
578	101	3	4.98
925	7	4	17.61
132	114	3	7.79
105	140	3	4.25
1278	14	12	59.44
15	3519	5	82.17
192	384	3	25.39
5882	14	3	16.59
282	7	3	5.27
4148	14	3	10.12
7683	14	3	16.59
3058	14	6	33.18
7033	154	3	44.03
396	1153	3	36.25
231	14	50	214.22
6801	14	3	16.59
178	5	4	24.23
1448	12	3	6.54
3221	21	3	28.95
255	231	3	24.02
12	2964	3	11.23
3275	102	3	17.27
6199	866	3	55.39
5164	118	3	33.85
1479	12	3	6.54
1483	118	11	134.02
747	710	3	36.87
2996	5367	3	58.8
190	3175	3	37.79
58	639	3	23.02
112	2785	3	26.66
12	484	13	44
5431	101	4	29.97
12	408	9	19.64
116	127	10	49.03
116	259	6	37.89
1382	1528	6	103.12
112	106	20	55.92
2879	12	4	18.26
214	236	3	23.05
98	525	10	22.19
7	5160	3	22.42
185	145	4	26.09
378	101	4	6.02
1002	14	5	9.2
14	1260	3	3.84
709	14	22	121.69
180	103	3	5.99
58	388	5	39.26
12	853	4	7.41
3908	14	4	17.24
5135	14	3	12.22
14	400	7	7.01
125	354	3	19.19
2390	14	6	24.44
98	3438	3	10.46
2634	14	7	38.71
1637	105	3	18.73
1397	7	5	28.69
6220	14	3	16.59
9	4278	3	27.75
325	12	8	13.03
616	111	4	25.89
16	165	3	6.91
1402	269	4	49.55
98	1899	5	16.36
2190	148	4	46.89
12	734	7	18.75
130	118	3	8.57
846	2118	3	43.58
2559	14	7	38.71
98	783	19	94.37
101	1246	5	19.65
8149	14	3	16.59
98	2509	3	7.87
879	12	3	4.31
240	7292	3	47.79
507	105	4	19.04
5411	14	4	22.12
101	558	5	12.64
1440	105	4	26.86
1579	14	9	39.6
101	103	60	43.11
98	3603	5	28.24
389	485	3	31.3
922	600	3	37.43
21	99	302	1480.64
4677	12	3	14.89
98	2148	3	6.97
903	104	3	15.41
98	935	7	17.73
1323	101	3	8.91
1675	7	3	14.84
1696	14	10	55.3
3255	109	3	24.62
884	1241	3	40.85
102	879	4	15.34
382	463	4	44
753	109	5	31.95
2251	14	7	32.81
107	2593	3	22.24
230	593	3	28.91
536	12	7	15.27
116	169	3	11.84
996	942	3	40.33
245	209	34	466.53
6894	14	3	16.59
102	1647	5	27.52
120	368	8	66.23
5926	603	3	53.27
105	114	7	8.8
4692	119	3	33.87
435	9	33	355.89
7684	14	3	16.59
190	3160	6	92.44
12	321	15	43.21
98	1550	3	5.03
2940	128	4	46.88
101	1827	4	16.8
2042	372	4	55.25
145	119	3	10.51
689	101	3	5.62
98	2970	3	8.99
1277	14	12	59.44
783	103	4	21.01
104	2750	3	21.95
116	292	36	404.82
232	550	8	94.79
3530	12	3	12.74
98	1249	7	20.99
14	863	4	4.87
217	14	21	37.59
4095	14	4	17.24
863	14	5	8.07
12	4729	3	14.89
4064	14	5	27.65
98	2844	3	7.87
107	2574	5	44.6
141	102	16	42.14
12	1206	3	5.66
368	1275	9	137.41
1188	14	8	25.9
5885	166	3	45.04
154	143	7	49.07
208	5602	4	62.17
107	1690	4	28.96
2104	14	9	49.77
213	102	4	5.23
1563	12	4	11.89
98	1929	4	10.84
138	658	4	35.15
492	196	3	26.7
706	7	3	9.8
290	186	3	23.62
4241	14	5	27.65
98	4549	3	12.57
110	319	3	13.74
2924	12	3	11.23
311	12	7	9.51
103	2722	3	21.43
136	109	6	17.11
2023	101	3	11.31
114	2310	3	26.66
1480	592	4	55.58
98	1674	3	5.58
5334	14	4	22.12
98	3472	4	17.71
212	12	8	6.8
98	1669	10	56.49
1431	14	8	29.48
98	3625	4	17.71
383	2540	3	41.23
98	3453	5	28.24
346	14	11	17.55
2348	101	4	19.07
127	291	3	18.49
102	353	3	5.38
98	4417	3	12.57
98	4341	3	12.57
98	2170	3	6.97
102	2704	3	16.06
4069	12	3	12.74
98	1080	6	14.8
464	169	3	25.56
184	220	6	51.45
2066	12	3	8.34
142	12	37	91.14
12	1883	4	12.77
98	824	14	57.8
2852	7	3	18.65
6406	14	3	16.59
880	101	3	6.97
3443	7	3	20.21
514	14	21	83.03
229	101	6	8.05
1345	101	4	14.35
1693	7	6	40.43
567	385	5	59.07
12	2456	3	10.07
115	12	44	48.52
1164	2173	3	46.48
2468	674	3	44.24
12	681	9	28.27
105	139	3	3.91
4291	99	4	22.59
101	2166	3	12.13
373	109	24	214.11
12	112	35	17.23
2269	14	6	24.44
1161	14	14	77.43
6477	14	3	16.59
2003	14	8	38.09
383	1267	8	119.32
2302	14	6	24.44
98	2936	4	15.2
7	197	77	682.66
139	111	3	7.45
98	575	6	8.25
98	500	6	7.13
529	101	3	4.6
98	1264	5	11.9
258	145	3	20.04
1595	118	3	25.48
177	102	4	4.07
2848	16	3	23.17
98	1069	13	61.9
346	9	3	11.27
525	101	3	4.6
1054	1054	4	57.2
98	2181	3	6.97
106	155	7	22.94
98	3558	3	10.46
12	2138	5	20.14
121	102	11	12.33
189	172	39	498.05
1468	12	4	11.12
358	12	8	14.44
12	869	3	4.31
212	106	5	17.4
16	2	32	84.54
101	377	9	27.23
98	1915	8	39.03
1165	14	6	15.1
1568	9	3	19.42
343	101	4	5.52
3315	14	4	14.74
7540	14	3	16.59
4577	14	4	22.12
110	159	9	46.37
4683	14	4	22.12
98	4523	3	12.57
236	102	6	13.37
7	388	5	16.25
103	2631	3	21.43
3571	119	3	31.64
98	307	37	167.95
98	18	3	5.03
2158	1536	3	48.14
328	522	3	30.72
615	111	4	25.89
2	1296	4	26.42
105	393	3	11.07
389	1026	4	49.84
561	7294	3	52.78
5	306	3	20.27
4381	7	3	22.42
1390	7	3	13.6
5053	14	4	22.12
306	9	3	10.58
117	17	4	8.65
643	111	3	17.84
963	131	3	25.7
104	267	3	8.83
649	102	3	8.02
98	546	8	14.7
1438	14	9	36.66
101	5335	3	18.03
2035	175	3	34.13
2	443	3	11.97
107	1960	3	20.37
5426	14	3	12.22
480	102	5	16.19
888	12	3	4.31
101	676	5	14.24
109	433	4	19.51
106	4673	3	27.16
9	16	18	31.63
617	102	5	18.06
269	12	6	5.02
98	1250	7	20.99
101	1050	4	12.55
102	3255	4	26.42
98	1507	7	23.85
12	337	5	4.71
107	1703	3	19.62
400	155	4	33.82
105	103	20	25.5
7049	14	3	16.59
5064	14	3	12.22
1686	7	5	31.08
6460	14	3	16.59
128	103	4	4.7
7	340	34	268.05
98	2902	3	8.99
98	2954	3	8.99
1051	1227	3	41.62
337	118	3	17.01
1807	102	4	20.72
159	174	4	27.33
110	139	12	60.37
211	106	3	7.49
98	4508	3	12.57
102	251	11	38.54
6014	5837	3	71.61
5631	14	4	22.12
568	382	3	32.2
98	1868	8	35.42
6881	14	3	16.59
4784	14	4	22.12
12	766	4	6.68
101	363	9	26.74
461	16	3	13.04
2336	21	7	80.99
98	3363	6	33.89
102	1475	3	12.26
1084	102	3	10.83
1477	7592	3	58.12
98	1687	3	5.58
954	14	14	61.97
12	943	5	12.56
7	5330	4	35.86
4922	14	4	22.12
107	3740	3	25.06
554	101	4	8.42
5450	14	4	22.12
1267	7	4	20.02
2628	1489	3	48.56
7	2598	3	17.43
12	1706	3	7.66
933	7	4	17.61
6606	14	3	16.59
116	1879	5	49.34
102	2794	4	24.53
98	4355	4	22.59
457	479	3	32
98	1893	4	10.84
12	645	8	22.24
1987	14	3	5.91
6792	14	3	16.59
111	102	22	25.01
784	1266	13	246.3
370	12	5	5.28
414	201	4	36.88
1679	16	8	77.27
1377	543	3	39.28
98	4429	3	12.57
98	2470	3	7.87
98	8262	3	16.94
12	2036	3	8.34
12	1916	3	8.34
474	101	3	4.1
17	332	4	23.38
98	928	6	13.16
564	2112	3	41.32
6961	14	3	16.59
21	2	12	26.67
764	104	3	14.43
102	519	4	11.45
107	106	13	11.36
361	1308	3	36.42
98	3488	3	10.46
226	102	5	8.97
636	12	5	9.16
2037	359	3	39.01
102	1201	3	11.27
3329	14	5	22.37
5643	265	4	64.67
441	125	4	29.38
584	14	24	118.91
192	9	7	28.81
101	664	3	5.62
101	797	3	6.38
2747	144	3	33.8
98	543	7	11.08
98	467	25	111.52
131	108	13	52.18
366	425	3	30.18
1140	9	5	34.74
1786	14	9	43.4
102	770	4	14.04
98	2903	6	33.89
241	117	4	21.85
128	17	3	7.22
103	657	15	123.25
1820	7566	3	59.4
696	102	8	38.73
12	306	6	6.46
588	102	5	17.65
12	204	19	41.98
12	137	32	62.61
199	130	10	78.64
6243	7	3	26.9
2688	14	6	27.57
103	5315	3	26.46
282	13	3	18.12
3748	14	4	17.24
5343	14	4	22.12
105	17	5	3.91
101	897	3	6.97
526	128	3	21.85
1729	2781	3	49.84
1216	1731	3	44.85
2725	14	7	38.71
8159	14	3	16.59
4940	14	4	22.12
150	283	6	50.73
117	103	10	19.61
7	181	84	756.68
1003	12	3	4.92
484	194	3	26.7
7	131	25	86.3
98	2875	3	8.99
347	372	4	41.62
1535	629	4	56.78
2337	12	3	9.13
5251	14	4	22.12
1687	14	7	26.88
101	643	3	5.4
4016	14	4	17.24
102	1228	3	11.27
5	632	6	57.65
1370	101	3	8.91
4625	14	3	12.22
250	1241	4	47.33
1246	2605	3	47.5
102	3927	3	18.83
3485	12	3	12.74
98	1705	6	20.92
968	102	4	15.83
212	1491	4	47.25
136	251	10	88.75
12	1688	3	7.66
107	143	3	4.65
4798	14	4	22.12
98	4325	4	22.59
3068	14	4	14.74
98	4582	3	12.57
98	2411	4	11.99
158	348	18	215.87
1481	108	3	19.4
302	2037	4	53.64
258	942	3	32.38
101	564	4	8.42
16	8	91	469.26
12	599	4	5.47
1151	102	3	10.83
98	1910	4	10.84
1925	14	7	29.43
114	1873	3	25.03
408	585	4	45.75
712	101	3	5.86
3245	14	3	8.66
101	321	6	11.97
1180	281	5	63.29
152	105	6	17.2
7685	14	3	16.59
5452	14	3	12.22
106	168	3	6.17
102	431	3	6.1
931	7	8	48.44
98	2167	7	33.63
3029	14	6	33.18
98	4390	3	12.57
17	8	5	5.56
98	1083	4	6.54
2822	12	3	10.07
405	104	4	17.18
103	251	8	36.59
98	829	5	8.05
102	110	18	13.74
2250	14	8	44.24
6490	14	3	16.59
3510	9	3	25.53
110	112	20	79.61
140	143	4	22.05
170	554	3	26.43
1906	105	3	20.14
1781	343	4	53.51
29	7610	3	71.61
339	355	3	29.01
492	220	4	39.22
430	762	3	34.1
256	3963	4	59.21
98	1897	6	22.8
98	5821	3	16.94
105	187	25	164.61
14	822	4	4.51
12	103	145	183.65
98	1388	10	45.92
7415	14	3	16.59
98	274	48	238.79
1695	14	6	20.24
1287	109	3	18.95
389	3373	3	42.47
126	1079	3	25.69
4227	14	5	27.65
102	2402	3	15.06
490	106	5	25.98
2440	2	3	22.26
114	162	10	60.47
235	12	6	3.89
98	2880	3	8.99
7	326	33	249.96
1120	1119	3	41.59
12	1246	3	5.66
150	109	7	24.51
3654	14	4	17.24
104	163	3	5.75
12	558	9	25.02
1012	101	9	45.85
112	154	3	9.14
217	117	3	13.82
112	141	23	157.48
112	318	11	83.64
102	1713	4	20.72
4870	9	3	27.75
5018	14	3	12.22
174	101	6	5.26
1532	2991	4	71.12
2719	21	7	87.02
5615	2811	3	57.55
1933	5943	3	60.16
98	480	27	133.42
131	118	24	171.22
12	1211	3	5.66
241	2719	4	54.23
319	1465	3	36.22
98	6274	3	16.94
98	2916	3	8.99
7	473	29	245.6
1625	14	8	31.74
7	533	27	233.8
241	177	3	21.89
912	130	3	25.08
1519	14	3	4.74
2391	14	8	44.24
151	103	3	4.36
906	4078	4	69.11
7	7381	3	26.9
12	319	5	4.21
1082	1001	3	41.16
108	554	3	14.18
12	650	6	13.09
1175	14	12	55.14
101	349	4	5.68
101	408	4	6.38
454	109	7	43.42
104	893	3	15.41
350	186	11	122.9
184	196	3	20.51
4563	14	3	12.22
98	2459	3	7.87
775	341	10	140.02
198	1377	3	32.69
98	2150	4	11.99
2312	102	3	15.06
101	3726	3	15.84
848	14	19	105.09
628	101	7	23.67
2214	14	6	24.44
5551	14	3	12.22
103	549	4	18.88
1930	14	5	15.8
883	14	15	67.13
7765	14	3	16.59
12	1005	4	8.73
98	1701	3	5.58
98	3605	3	10.46
187	111	8	43.95
98	603	5	5.67
7112	12	3	19.3
8	1066	14	146.79
98	8276	3	16.94
102	315	3	4.77
15	5981	3	49.17
1644	130	3	28.39
98	1931	8	39.03
3039	14	5	22.37
98	1676	5	14.99
108	110	8	10.64
6476	14	3	16.59
4611	14	3	12.22
457	101	3	3.95
101	112	20	8.94
6874	14	3	16.59
1503	12	3	6.54
106	139	3	3.99
110	455	4	23.28
165	299	6	54.7
118	2650	3	28.8
187	1420	3	32.54
545	12	4	4.97
158	3074	3	36.35
207	14	60	262.1
2303	14	6	24.44
12	1793	3	7.66
98	1065	4	6.07
2004	14	6	22.11
319	1844	4	52.92
2535	1160	7	135.83
2832	14	3	7.55
3450	1164	3	50.34
7393	14	3	16.59
591	196	4	39.32
256	614	3	29.78
1192	12	3	5.66
98	346	7	6.48
351	102	3	5.25
98	481	22	90.48
3320	12	4	18.26
116	5126	3	33.4
502	7	4	13.16
1567	14	9	39.6
98	6086	3	16.94
112	443	5	32.43
105	157	4	9.05
6334	14	3	16.59
151	17	3	9.78
675	119	6	50.45
3186	12	3	11.23
260	976	4	45.82
867	12	11	47.31
12	126	33	48.94
1947	12	4	13.78
107	870	5	31.81
502	1102	3	37.31
14	1886	3	5.91
3580	7	3	20.21
241	151	5	38.59
7	556	26	224.88
1177	101	3	8.45
7	404	36	323.38
98	2889	5	22.96
208	1634	4	47.76
12	1448	3	6.54
101	1795	3	10.59
957	12	4	8.25
4161	12	3	12.74
105	137	4	6.96
7326	14	3	16.59
110	3353	3	27.12
98	1158	4	7.06
182	9	9	40.49
109	354	5	25.28
396	5	5	41.22
1	99	77	314.55
105	390	6	30.61
177	12	10	8.91
102	1619	3	12.84
191	296	7	68.42
104	4998	3	26.98
1075	12	3	5.27
1123	12	3	5.27
6120	7	3	26.9
5230	14	3	12.22
101	1976	3	11.31
1014	14	16	88.49
2226	6896	3	61.03
1189	14	11	46.67
165	145	3	16.92
6742	119	3	38.36
110	349	7	45.8
98	2168	3	6.97
114	2209	7	80.91
897	102	6	28.44
135	937	3	26.55
98	1082	5	10.37
17	2	7	9.23
419	3776	3	44.41
12	864	3	4.31
582	803	3	36.11
3574	336	4	61.96
98	3571	4	17.71
3109	14	6	33.18
595	330	4	44.45
216	14	54	228.52
98	3367	4	15.2
115	102	12	8.29
7	5619	4	35.86
7294	12	3	19.3
98	708	7	13.85
98	826	5	8.05
893	14	18	99.55
102	232	4	6.01
1291	14	4	7.24
98	4520	4	22.59
9	398	3	11.89
7	3973	4	30.88
98	1404	7	23.85
12	114	28	12.09
330	14	38	184.34
12	168	19	34.93
4921	14	3	12.22
669	101	6	19.37
7	1218	12	96.2
2290	102	4	23.03
537	644	3	34.47
1407	12	3	6.54
4927	4798	3	62.62
512	217	4	39.39
98	2947	3	8.99
154	102	7	10.26
114	178	39	371.07
587	101	3	4.98
98	6255	3	16.94
12	1435	3	6.54
12	1383	5	16.45
4141	14	5	27.65
1138	14	14	70.21
4636	14	4	22.12
12	1230	3	5.66
141	143	4	22.11
168	7	16	60.62
235	111	5	25.41
1	2	8	29.05
334	102	3	5.01
228	203	3	22.26
102	1818	5	28.79
553	409	3	32.13
4669	14	4	22.12
101	691	3	5.62
101	841	3	6.67
1243	109	4	27.22
106	103	17	18.02
5063	14	3	12.22
98	3560	3	10.46
98	3456	4	17.71
253	101	5	6.06
5303	14	3	12.22
601	7	7	33.53
1077	108	3	17.91
5664	12	3	14.89
12	871	4	7.81
107	191	8	33.66
102	551	7	29.19
122	434	8	69.73
98	4354	3	12.57
98	4406	3	12.57
129	3226	3	32.65
14	1530	3	4.74
101	3946	3	15.84
98	2490	5	20.11
388	14	32	148.37
1291	9	8	68.74
101	1349	3	8.91
1352	12	4	10.43
58	57	3	9.82
12	676	5	9.56
3698	14	5	27.65
3573	7	3	20.21
12	2573	6	32.95
208	2762	3	37.03
110	1506	3	21.98
1472	14	3	4.26
4299	14	4	22.12
4225	105	3	24.83
98	1866	3	5.58
58	221	8	60.84
872	283	4	46.24
350	1588	3	37.42
109	837	3	16.47
7124	14	3	16.59
772	21	11	107.85
111	116	4	6.66
125	135	3	11.35
106	393	3	11.17
102	1409	10	74.28
107	1236	3	17.33
3463	242	3	41.06
98	2527	5	20.11
98	4442	4	22.59
7	846	14	103.81
167	5589	3	40.61
602	119	7	60.03
107	2764	5	44.6
711	14	22	121.69
1640	14	10	48.73
668	2465	3	44.24
8075	14	3	16.59
489	21	17	170.84
5513	118	4	51.14
666	414	3	33.33
98	1685	8	35.42
4249	14	4	17.24
318	101	8	19.94
102	3971	4	29.03
3894	14	5	27.65
121	138	4	17.18
2157	209	4	51.2
16	1076	3	17.79
98	345	26	94.88
444	430	4	44.19
2516	636	4	62
8	243	3	9.72
241	489	6	65.89
1195	14	10	39.07
6547	14	3	16.59
145	149	9	66.58
1349	14	3	3.84
98	2952	4	15.2
135	183	29	307.77
3528	784	3	47.98
749	12	6	14.71
488	104	4	18.68
284	169	4	32.54
721	12	5	9.98
12	185	13	17.86
98	1509	9	37.71
98	5832	3	16.94
7	1255	9	62.58
151	114	3	9.78
495	101	5	11.62
98	5788	3	16.94
12	5093	3	14.89
196	102	7	14.45
362	108	3	11.97
101	2019	3	11.31
17	838	3	20.71
98	541	7	11.08
2513	12	4	16.42
98	465	8	12.6
788	2177	5	81.17
9	5700	3	32.24
4899	14	3	12.22
288	14	46	232.35
5494	14	3	12.22
167	412	6	58
3009	213	5	72.82
284	102	4	7.45
746	572	3	35.8
101	918	3	6.97
98	1382	4	8.29
188	106	6	21.45
112	511	4	25.13
1430	109	3	19.49
1036	14	12	48.89
3472	151	5	72.94
1090	159	10	130.52
157	1956	4	46.76
255	207	3	23.04
98	2905	3	8.99
2933	14	3	8.66
1465	109	3	19.49
4797	14	4	22.12
128	112	8	31.41
126	1001	5	47.99
2650	1424	5	89.57
273	3670	4	59.82
104	449	3	11.86
4368	2182	3	56.53
12	1481	4	11.12
98	2468	7	39.54
2566	3889	3	55.32
3814	14	5	27.65
663	563	3	34.97
6196	14	3	16.59
5077	14	4	22.12
8056	14	3	16.59
3785	14	5	27.65
12	812	5	10.91
16	193	3	7.91
5252	14	4	22.12
4204	14	5	27.65
12	2543	3	10.07
107	1247	11	102.06
14	99	9379	60136.6
98	3538	5	28.24
312	504	5	56.44
1822	14	6	20.24
108	163	3	6.9
374	14	36	183.75
12	1657	3	7.07
2578	14	7	38.71
103	488	3	11.75
141	732	3	25.53
98	4308	4	22.59
111	1310	4	31.76
198	1378	5	60.81
102	517	12	63.2
247	113	3	13.15
131	625	7	67.42
1105	101	3	8.04
98	2152	5	18.02
3778	14	3	10.12
802	14	16	68.99
152	101	12	18.08
98	3503	3	10.46
3749	14	5	27.65
1341	220	5	61.21
3242	896	3	47.08
283	12	6	5.51
108	135	4	8.29
137	118	15	96.54
1760	102	3	13.49
2429	14	5	17.45
126	6199	3	40.68
193	9	9	41.63
3258	101	3	14.3
3851	14	3	10.12
701	14	5	6.28
715	259	3	30.7
1254	101	3	8.45
1672	7	3	14.84
98	4580	3	12.57
1522	7	3	14.19
1275	1540	5	81.77
1987	1477	3	46.66
98	633	5	6
648	1513	4	56.28
1007	14	12	48.89
3808	9	4	37.99
3295	14	4	14.74
98	1534	3	5.03
445	109	5	27.03
259	149	4	29.29
2468	153	4	48.97
1078	248	8	107.72
386	101	4	6.2
109	161	3	6.87
5	335	5	40.13
1709	152	4	45.07
12	547	4	4.97
98	1143	4	6.54
4808	14	4	22.12
242	7	3	4.37
3176	14	3	8.66
101	645	5	13.81
1346	1432	3	44.07
1304	14	13	71.89
6716	14	3	16.59
1455	12	4	11.12
2	483	4	19.08
739	12	8	23.79
102	875	3	9.71
1178	102	6	32.12
139	102	53	266.5
101	5295	3	18.03
421	390	3	30.33
102	1056	6	30.13
8	258	3	10.02
1494	101	3	9.41
2126	14	5	15.8
1082	5867	3	56.6
242	1382	3	34.3
168	242	4	31.03
98	1268	5	11.9
12	465	4	4.11
403	12	5	5.7
98	1149	11	45.23
101	765	3	6.11
970	14	14	61.97
369	289	5	52.38
1877	7	4	22.54
1241	14	14	77.43
315	14	9	9.74
5	258	4	27.62
420	101	4	6.57
3704	109	3	26.2
98	1405	11	55.37
202	764	3	29.13
98	1524	6	19.34
109	167	4	11.63
518	913	3	36.11
319	102	4	8.34
587	12	5	8.43
12	1486	3	6.54
98	308	15	31.12
218	111	5	24.31
339	1616	3	37.26
12	3677	3	12.74
499	360	7	86.48
102	592	4	12.31
127	989	3	25.02
114	110	27	132.96
2	2576	3	22.26
104	980	3	15.77
3886	196	3	39.45
142	103	11	39.71
116	5541	4	50.54
98	1914	4	10.84
1716	14	6	20.24
4316	14	4	22.12
6293	14	3	16.59
102	4127	3	18.83
103	1136	6	41.82
167	693	6	64.03
101	336	6	12.49
1523	209	6	78.45
125	416	4	28.89
496	102	5	16.19
940	108	11	98.43
2189	12	4	14.98
98	4203	4	17.71
114	2207	6	65.51
1422	14	12	66.36
592	105	3	13.18
870	4435	4	74.11
3244	12	3	11.23
98	999	14	67.27
1510	158	3	31.18
184	584	7	77.13
108	217	3	8.69
741	251	5	56.61
98	1686	4	9.87
318	12	5	4.21
741	134	4	34.7
755	213	3	29.63
965	12	4	8.25
119	198	3	13.18
3777	14	5	27.65
1792	14	9	43.4
98	3544	4	17.71
102	1221	4	17.54
3348	101	3	14.3
1387	14	8	29.48
1066	9	14	143.3
98	3366	3	8.99
101	4820	3	18.03
12	633	4	5.75
98	1865	9	44.46
12	842	3	4.04
1486	6303	3	58.12
16	148	12	53.45
12	1964	3	8.34
98	8274	3	16.94
2138	101	3	11.31
444	109	3	13.05
662	201	5	53.17
114	122	23	140.77
102	640	6	24.54
120	150	3	11.73
151	21	3	9.81
598	13	3	22.41
102	3378	3	17.27
101	1047	3	7.66
2219	14	6	24.44
101	675	3	5.62
269	7	4	8.61
12	589	7	16.31
12	378	5	5.28
12	438	5	6.39
102	892	4	15.34
9	5722	3	32.24
595	1750	3	40.8
1620	389	3	37.9
224	14	55	249.86
237	159	3	20.91
150	209	6	46.15
7	1229	12	96.2
98	5914	3	16.94
101	851	3	6.67
182	384	4	35.8
7726	14	3	16.59
98	1554	3	5.03
12	140	14	10.46
246	225	6	56.13
98	168	19	22.89
98	212	57	256.61
98	2906	3	8.99
546	126	4	31.65
102	942	4	15.83
484	108	4	20.42
2135	1543	5	86.72
230	656	3	29.42
5596	14	4	22.12
131	179	3	15.79
98	542	5	5.06
302	1171	4	49.26
704	103	6	36.31
98	466	25	111.52
98	422	28	124.03
12	459	6	9.85
12	391	6	8.34
2276	1277	5	86.34
308	826	9	123.75
292	583	6	70.66
298	102	13	56.73
7	7490	3	26.9
990	12	3	4.6
12	963	3	4.6
98	1691	9	44.46
12	1015	4	8.73
6458	14	3	16.59
1553	14	11	60.83
14	415	6	4.88
524	7	11	61.53
647	14	23	119.03
3831	14	5	27.65
972	331	9	127.91
12	2093	5	20.14
4008	606	3	46.54
98	2469	4	13.4
98	2513	6	28.27
644	105	3	13.67
2481	933	3	46.21
98	1896	8	39.03
16	57	10	29.61
193	16	3	7.91
287	99	45	227.11
1887	9	6	53.07
1832	225	5	65.13
302	759	8	104.86
98	1911	9	50.84
563	125	3	21.47
1868	103	4	27.87
1074	101	3	8.04
2455	535	3	42.99
1312	2087	3	46.11
98	634	22	110.77
3119	277	3	40.36
261	428	3	27.94
102	537	5	16.89
1058	621	4	53.21
2383	14	8	44.24
319	1049	7	94.75
937	101	4	12.04
101	205	6	6.56
101	138	19	36.52
1633	14	11	60.83
108	136	3	4.84
1496	14	11	54.08
455	102	4	10.69
12	548	4	4.97
686	108	4	22.67
369	101	5	9.45
192	145	5	35.3
112	159	33	274.22
7	132	158	1354.01
3008	14	5	22.37
12	1252	4	9.81
131	328	3	19.98
185	251	4	32.26
12	1101	3	5.27
2237	14	6	24.44
98	2921	5	22.96
1714	101	5	23.84
7913	105	3	31.54
238	14	57	292.02
1275	4473	3	53.07
856	14	19	105.09
98	1533	10	49.91
98	1398	4	8.29
160	275	3	21.73
101	898	3	6.97
110	275	4	19.14
98	2475	3	7.87
4599	119	3	33.87
230	461	4	39.29
98	828	13	50.47
163	2359	4	48.84
169	125	18	152.51
575	369	5	59.21
495	3184	3	43.79
101	456	3	3.95
103	1577	4	26.92
4907	14	4	22.12
12	662	7	18.09
98	1898	8	39.03
600	831	3	36.7
3353	102	4	26.42
150	3531	3	36.88
111	247	3	12.38
102	1121	3	10.83
102	1292	4	18.21
114	1614	3	24.36
98	3441	4	17.71
12	2197	4	14.98
98	3577	4	17.71
1143	1508	4	60.51
2872	601	4	63.56
7566	14	3	16.59
1239	105	3	17.1
2267	14	3	6.65
294	294	8	89.52
127	169	3	14.65
98	2166	4	11.99
506	108	5	28.25
98	4389	4	22.59
7	5161	3	22.42
7	3141	5	39.45
279	210	4	34.28
117	12	49	72.62
7365	14	3	16.59
6154	7	3	26.9
3092	101	3	14.3
102	1040	6	30.13
853	2246	8	149.41
1424	304	3	35.94
110	1807	5	45.23
57	126	3	9.46
12	229	7	5.67
12	303	6	6.26
259	296	3	25.93
109	301	4	17.05
98	5864	3	16.94
7292	14	3	16.59
5427	14	4	22.12
523	105	3	12.52
4931	14	4	22.12
4707	101	3	18.03
98	2932	4	15.2
1830	14	9	43.4
2751	14	5	19.53
107	1016	10	84.86
98	126	42	53.57
860	12	4	7.41
113	267	4	20.54
871	786	6	87.56
3230	2063	3	51.84
1614	102	3	12.84
98	2915	4	15.2
930	12	9	35.07
1378	7	5	28.69
3741	14	3	10.12
603	398	3	32.62
126	1674	4	40.81
14	2449	4	12.95
5984	14	3	16.59
12	244	11	17.95
12	318	5	4.21
6236	14	3	16.59
633	3500	3	46.8
98	1551	8	32.66
409	14	27	110.03
144	135	6	37.01
105	116	10	20.18
98	5773	3	16.94
7	7380	3	26.9
112	319	3	14.5
102	1714	6	37.67
659	14	18	73.34
3892	14	4	17.24
2406	14	8	44.24
101	1877	3	10.59
1086	9	12	114.1
693	14	17	68.4
3775	105	5	52.57
5709	9	3	32.24
377	919	4	48.55
577	14	26	143.82
12	1330	5	15.51
12	1262	4	10.43
5	1373	4	41.09
4537	16	3	28.21
7	108	140	572
7	176	64	481.25
219	102	19	82.47
628	12	4	5.47
515	12	6	10.92
3322	14	4	14.74
102	523	6	22.1
764	101	3	6.11
986	14	8	21.9
2098	14	9	49.77
3947	14	4	17.24
903	105	4	23.13
102	371	3	5.52
797	109	3	16.14
730	101	3	5.86
469	238	3	28.1
16	133	7	19.75
977	401	3	35.12
465	101	3	4.1
6304	9	3	32.24
134	125	4	16.42
1296	14	6	16.14
2179	505	3	41.74
380	518	3	31.51
98	4493	4	22.59
107	344	15	105.45
102	329	5	12.91
120	1995	3	27.97
744	337	3	32.63
98	782	8	18.87
398	99	7	7.62
113	729	3	19.18
2	1790	3	19.63
4149	14	5	27.65
106	140	4	7.66
698	104	4	20.91
247	206	3	22.83
98	2121	4	10.84
3057	14	6	33.18
240	248	31	430.46
162	587	14	175.42
1886	7	3	15.58
5457	14	4	22.12
7950	14	3	16.59
4775	14	3	12.22
571	103	3	12.61
5589	14	3	12.22
102	145	10	18.77
98	602	23	116.25
136	1292	4	40.59
12	6781	3	19.3
115	139	3	8.98
2442	201	3	36.7
12	829	4	7.41
101	359	4	5.85
255	5237	3	43.61
297	102	4	7.88
4628	14	4	22.12
2253	14	7	32.81
1528	1003	4	60.77
102	7521	3	25.5
239	2251	3	37.21
102	3191	4	26.42
209	283	8	81.11
4565	12	4	25.74
758	102	5	19.91
145	296	4	30.54
241	16	4	14.69
128	12	25	27.05
98	2890	5	22.96
5311	14	4	22.12
350	763	4	46.73
1581	14	10	48.73
7	4808	3	22.42
12	1345	3	6.08
8184	14	3	16.59
98	482	23	98.2
1932	12	6	27.4
262	12	9	12.38
700	8	3	15.61
729	1991	3	42.63
2373	104	4	30.91
1396	21	12	149.35
228	12	7	5.52
2671	134	3	32.07
258	9	4	14.65
109	580	3	14.51
670	1095	4	54.53
7225	14	3	16.59
762	14	16	66.09
98	1162	10	40.22
7167	14	3	16.59
1750	14	7	26.88
103	5502	3	26.46
101	2624	4	20.55
98	1263	3	4.12
269	201	4	33.41
182	16	3	7.58
4998	2319	4	82.09
4353	3554	3	60.38
5750	2822	3	62.05
110	912	3	19.29
2511	7	3	17.43
3752	14	4	17.24
5347	14	3	12.22
546	7	5	19.46
102	658	5	18.49
634	143	3	25.2
516	21	16	159.49
98	142	123	648.28
1108	12	3	5.27
17	859	3	20.71
98	245	9	6.56
1414	102	7	43.36
3373	12	4	18.26
1632	14	10	48.73
98	5879	3	16.94
2419	14	7	32.81
103	5305	3	26.46
297	140	3	20.73
12	730	7	18.75
2120	14	9	49.77
98	1927	3	6.22
12	612	5	8.79
101	4730	3	18.03
6130	176	3	45.66
98	4459	3	12.57
880	102	5	21.61
98	2500	5	20.11
12	2062	3	8.34
6958	14	3	16.59
98	752	10	28.77
98	827	9	25.77
5640	7	3	22.42
135	938	12	149.64
265	14	54	298.84
98	1081	4	6.54
7762	14	3	16.59
107	185	3	6.89
102	401	3	5.8
98	4416	3	12.57
851	1176	3	40.49
98	3622	4	17.71
192	637	4	40.02
98	3518	3	10.46
866	7	3	11.02
1966	14	8	38.09
7	3193	5	39.45
